77 1 1 59 920 2032 -1 -1 -1 0 
78 1 4 56 970 2047 -1 -1 -1 0 
79 1 6 45 1004 2069 -1 -1 -1 0 
80 1 13 53 1026 2104 -1 -1 -1 0 
81 1 26 90 1088 2036 -1 -1 -1 0 
82 1 30 73 1096 2053 -1 -1 -1 0 
83 1 27 117 1109 2018 -1 -1 -1 0 
84 1 21 143 1138 1996 -1 -1 -1 0 
85 1 26 77 1200 2082 -1 -1 -1 0 
86 1 17 78 1278 2081 -1 -1 -1 0 
87 1 18 63 1288 2092 -1 -1 -1 0 
88 1 13 56 1307 2100 -1 -1 -1 0 
89 1 3 21 1406 2116 -1 -1 -1 0 
90 1 3 33 1452 2124 -1 -1 -1 0 
91 1 33 36 1434 2107 -1 -1 -1 0 
92 1 106 21 1370 2122 -1 -1 -1 0 
93 1 209 0 1306 2143 -1 -1 -1 0 
94 1 271 12 1279 2136 -1 -1 -1 0 
95 1 314 15 1249 2124 -1 -1 -1 0 
96 1 349 17 1249 2116 -1 -1 -1 0 
97 1 416 20 1208 2097 -1 -1 -1 0 
98 1 463 0 1156 2139 -1 -1 -1 0 
99 1 492 0 1145 2123 -1 -1 -1 0 
100 1 529 0 1118 2117 -1 -1 -1 0 
101 1 541 30 1151 2071 -1 -1 -1 0 
102 1 575 14 1119 2106 -1 -1 -1 0 
103 1 613 34 1055 2077 -1 -1 -1 0 
104 1 633 32 1033 2083 -1 -1 -1 0 
105 1 676 2 935 2129 -1 -1 -1 0 
106 1 703 0 912 2152 -1 -1 -1 0 
107 1 707 32 916 2112 -1 -1 -1 0 
107 3 2825 18 1006 2088 -1 -1 -1 0 
108 1 711 12 907 2123 -1 -1 -1 0 
108 3 2833 17 1006 2081 -1 -1 -1 0 
109 1 734 22 885 2113 -1 -1 -1 0 
109 3 2969 53 865 2042 -1 -1 -1 0 
110 1 756 28 857 2103 -1 -1 -1 0 
110 3 2873 44 966 2070 -1 -1 -1 0 
111 1 765 45 849 2067 -1 -1 -1 0 
111 3 2478 67 1361 2028 -1 -1 -1 0 
112 1 774 29 840 2126 -1 -1 -1 0 
112 3 2418 77 1421 2021 -1 -1 -1 0 
113 1 812 34 804 2079 -1 -1 -1 0 
113 3 2540 78 1273 2032 -1 -1 -1 0 
114 1 833 18 783 2097 -1 -1 -1 0 
114 3 2503 86 1306 2025 -1 -1 -1 0 
115 1 855 12 771 2087 -1 -1 -1 0 
115 3 2379 49 1438 2059 -1 -1 -1 0 
116 1 874 4 764 2087 -1 -1 -1 0 
116 3 2337 12 1451 2097 -1 -1 -1 0 
117 1 905 40 750 2037 -1 -1 -1 0 
117 3 2356 52 1361 2063 -1 -1 -1 0 
118 1 919 52 752 2030 -1 -1 -1 0 
118 3 2339 59 1322 2064 -1 -1 -1 0 
119 1 955 45 725 2038 -1 -1 -1 0 
119 3 2322 1 1252 2111 -1 -1 -1 0 
120 1 980 59 704 2016 -1 -1 -1 0 
120 3 2333 23 1229 2091 -1 -1 -1 0 
121 1 1014 64 687 1948 -1 -1 -1 0 
121 3 2402 41 1060 2088 -1 -1 -1 0 
122 1 1031 58 686 1905 -1 -1 -1 0 
122 3 2356 18 1133 2104 -1 -1 -1 0 
123 1 1047 55 677 1960 -1 -1 -1 0 
123 3 2359 8 992 2120 -1 -1 -1 0 
124 1 1066 79 661 1850 -1 -1 -1 0 
124 3 2336 63 1008 2028 -1 -1 -1 0 
125 1 1092 102 647 1819 -1 -1 -1 0 
125 3 2300 77 1028 1985 -1 -1 -1 0 
126 1 1103 114 645 1790 -1 -1 -1 0 
126 3 2285 77 1000 2005 -1 -1 -1 0 
127 1 1108 125 641 1766 -1 -1 -1 0 
127 3 2266 62 990 2017 -1 -1 -1 0 
128 1 1115 140 636 1784 -1 -1 -1 0 
128 3 2268 48 943 2035 -1 -1 -1 0 
129 1 1128 188 630 1730 -1 -1 -1 0 
129 3 2247 50 905 2026 -1 -1 -1 0 
130 1 1137 214 625 1701 -1 -1 -1 0 
130 3 2215 50 894 2000 -1 -1 -1 0 
131 1 1145 222 620 1697 -1 -1 -1 0 
131 3 2211 36 859 2008 -1 -1 -1 0 
132 1 1151 229 610 1681 -1 -1 -1 0 
132 3 2205 42 849 2007 -1 -1 -1 0 
133 1 1171 251 580 1647 -1 -1 -1 0 
133 3 2198 47 821 1997 -1 -1 -1 0 
134 1 1178 259 566 1628 -1 -1 -1 0 
134 3 2186 42 817 1993 -1 -1 -1 0 
135 1 1183 246 557 1626 -1 -1 -1 0 
135 3 2167 44 806 1976 -1 -1 -1 0 
136 1 1189 262 538 1537 -1 -1 -1 0 
136 3 2138 43 813 1939 -1 -1 -1 0 
137 1 1198 316 523 1411 -1 -1 -1 0 
137 3 2116 61 768 1883 -1 -1 -1 0 
138 1 1203 332 516 1395 -1 -1 -1 0 
138 3 2125 40 705 1901 -1 -1 -1 0 
139 1 1205 346 515 1367 -1 -1 -1 0 
139 3 2107 28 707 1899 -1 -1 -1 0 
140 1 1209 352 512 1372 -1 -1 -1 0 
140 3 2109 25 670 1889 -1 -1 -1 0 
141 1 1225 361 500 1382 -1 -1 -1 0 
141 3 2105 42 639 1872 -1 -1 -1 0 
142 1 1238 352 491 1413 -1 -1 -1 0 
142 3 2099 34 631 1864 -1 -1 -1 0 
143 1 1242 372 490 1386 -1 -1 -1 0 
143 3 2103 22 606 1896 -1 -1 -1 0 
144 1 1240 382 501 1367 -1 -1 -1 0 
144 3 2099 8 597 1903 -1 -1 -1 0 
145 1 1267 413 475 1333 -1 -1 -1 0 
145 3 2096 25 582 1893 -1 -1 -1 0 
146 1 1277 423 470 1324 -1 -1 -1 0 
146 3 2087 43 586 1879 -1 -1 -1 0 
147 1 1289 430 462 1321 -1 -1 -1 0 
147 3 2083 71 578 1834 -1 -1 -1 0 
148 1 1302 438 455 1320 -1 -1 -1 0 
148 3 2089 90 568 1809 -1 -1 -1 0 
149 1 1320 454 459 1263 -1 -1 -1 0 
149 3 2091 119 560 1768 -1 -1 -1 0 
150 1 1333 461 453 1246 -1 -1 -1 0 
150 3 2089 128 553 1757 -1 -1 -1 0 
151 1 1341 467 447 1220 -1 -1 -1 0 
151 3 2089 135 545 1703 -1 -1 -1 0 
152 1 1349 466 439 1215 -1 -1 -1 0 
152 3 2096 137 532 1683 -1 -1 -1 0 
153 1 1362 468 428 1209 -1 -1 -1 0 
153 3 2094 157 514 1626 -1 -1 -1 0 
154 1 1367 471 429 1205 -1 -1 -1 0 
154 3 2086 167 513 1600 -1 -1 -1 0 
155 1 1370 479 433 1192 -1 -1 -1 0 
155 3 2084 172 507 1593 -1 -1 -1 0 
156 1 1375 485 429 1180 -1 -1 -1 0 
156 3 2090 191 493 1558 -1 -1 -1 0 
157 1 1377 516 433 1141 -1 -1 -1 0 
157 3 2077 229 486 1513 -1 -1 -1 0 
158 1 1381 520 431 1154 -1 -1 -1 0 
158 3 2072 256 482 1486 -1 -1 -1 0 
159 1 1385 530 427 1150 -1 -1 -1 0 
159 3 2070 264 480 1470 -1 -1 -1 0 
160 1 1388 536 422 1152 -1 -1 -1 0 
160 3 2061 286 475 1430 -1 -1 -1 0 
161 1 1396 552 409 1132 -1 -1 -1 0 
161 3 2059 330 461 1376 -1 -1 -1 0 
162 1 1401 555 401 1125 -1 -1 -1 0 
162 3 2048 347 457 1335 -1 -1 -1 0 
163 1 1406 561 394 1114 -1 -1 -1 0 
163 3 2014 369 488 1314 -1 -1 -1 0 
164 1 1409 567 388 1082 -1 -1 -1 0 
164 3 2002 350 492 1330 -1 -1 -1 0 
165 1 1413 567 386 1056 -1 -1 -1 0 
165 3 1999 360 468 1318 -1 -1 -1 0 
166 1 1417 569 384 1043 -1 -1 -1 0 
166 3 1992 364 465 1308 -1 -1 -1 0 
167 1 1420 568 381 1051 -1 -1 -1 0 
167 3 1984 364 467 1300 -1 -1 -1 0 
168 1 1425 568 377 1052 -1 -1 -1 0 
168 3 1987 364 458 1293 -1 -1 -1 0 
169 1 1431 581 373 1039 -1 -1 -1 0 
169 3 2001 386 442 1268 -1 -1 -1 0 
170 1 1436 593 371 1030 -1 -1 -1 0 
170 3 2002 385 449 1268 -1 -1 -1 0 
171 1 1438 603 372 1019 -1 -1 -1 0 
171 3 2003 390 460 1272 -1 -1 -1 0 
172 1 1439 629 374 988 -1 -1 -1 0 
172 3 2002 396 456 1264 -1 -1 -1 0 
173 1 1449 646 371 969 -1 -1 -1 0 
173 3 2005 405 450 1256 -1 -1 -1 0 
174 1 1459 651 365 960 -1 -1 -1 0 
174 3 2006 413 447 1247 -1 -1 -1 0 
175 1 1473 657 350 952 -1 -1 -1 0 
175 3 2005 421 442 1238 -1 -1 -1 0 
176 1 1474 645 353 967 -1 -1 -1 0 
176 3 2008 434 432 1225 -1 -1 -1 0 
177 1 1495 657 339 951 -1 -1 -1 0 
177 3 1999 466 424 1181 -1 -1 -1 0 
178 1 1501 657 340 940 -1 -1 -1 0 
178 3 2008 480 412 1164 -1 -1 -1 0 
179 1 1507 658 341 921 -1 -1 -1 0 
179 3 2018 488 407 1151 -1 -1 -1 0 
180 1 1513 657 339 919 -1 -1 -1 0 
180 3 2021 492 405 1147 -1 -1 -1 0 
181 1 1523 659 336 916 -1 -1 -1 0 
181 3 2026 493 393 1118 -1 -1 -1 0 
182 1 1526 662 334 908 -1 -1 -1 0 
182 3 2025 499 385 1104 -1 -1 -1 0 
183 1 1530 661 330 901 -1 -1 -1 0 
183 3 2023 502 379 1098 -1 -1 -1 0 
184 1 1536 664 325 895 -1 -1 -1 0 
184 3 2025 499 364 1093 -1 -1 -1 0 
185 1 1542 675 319 883 -1 -1 -1 0 
185 3 2035 505 348 1083 -1 -1 -1 0 
186 1 1546 676 313 887 -1 -1 -1 0 
186 3 2038 509 343 1080 -1 -1 -1 0 
187 1 1545 691 309 875 -1 -1 -1 0 
187 3 2035 519 345 1069 -1 -1 -1 0 
188 1 1546 707 305 860 -1 -1 -1 0 
188 3 2035 526 344 1060 -1 -1 -1 0 
189 1 1551 720 298 836 -1 -1 -1 0 
189 3 2026 554 355 1024 -1 -1 -1 0 
190 1 1555 722 290 835 -1 -1 -1 0 
190 3 2032 556 336 1014 -1 -1 -1 0 
191 1 1557 722 288 831 -1 -1 -1 0 
191 3 2029 566 340 1001 -1 -1 -1 0 
192 1 1558 718 289 821 -1 -1 -1 0 
192 3 2022 588 342 981 -1 -1 -1 0 
193 1 1561 708 292 824 -1 -1 -1 0 
193 3 2008 605 344 965 -1 -1 -1 0 
194 1 1563 716 286 802 -1 -1 -1 0 
194 3 1994 607 350 966 -1 -1 -1 0 
195 1 1565 717 288 807 -1 -1 -1 0 
195 3 1996 608 344 962 -1 -1 -1 0 
196 1 1567 715 287 811 -1 -1 -1 0 
196 3 1996 610 341 952 -1 -1 -1 0 
197 1 1574 730 285 797 -1 -1 -1 0 
197 3 1990 612 340 934 -1 -1 -1 0 
198 1 1580 737 276 794 -1 -1 -1 0 
198 3 1996 613 334 930 -1 -1 -1 0 
199 1 1583 744 274 785 -1 -1 -1 0 
199 3 1998 610 331 930 -1 -1 -1 0 
200 1 1586 756 273 762 -1 -1 -1 0 
200 3 2000 614 327 923 -1 -1 -1 0 
201 1 1591 776 271 736 -1 -1 -1 0 
201 3 2004 626 322 907 -1 -1 -1 0 
202 1 1599 781 262 734 -1 -1 -1 0 
202 3 2010 636 313 892 -1 -1 -1 0 
203 1 1603 783 261 730 -1 -1 -1 0 
203 3 2015 643 303 886 -1 -1 -1 0 
204 1 1608 783 260 725 -1 -1 -1 0 
204 3 2017 650 301 878 -1 -1 -1 0 
205 1 1617 779 255 723 -1 -1 -1 0 
205 3 2027 672 297 856 -1 -1 -1 0 
206 1 1621 778 256 717 -1 -1 -1 0 
206 3 2029 680 295 844 -1 -1 -1 0 
207 1 1623 776 258 711 -1 -1 -1 0 
207 3 2031 688 296 829 -1 -1 -1 0 
208 1 1624 776 262 711 -1 -1 -1 0 
208 3 2034 688 294 823 -1 -1 -1 0 
209 1 1631 775 259 712 -1 -1 -1 0 
209 3 2036 685 291 832 -1 -1 -1 0 
210 1 1632 776 261 709 -1 -1 -1 0 
210 3 2042 686 287 828 -1 -1 -1 0 
211 1 1632 779 263 698 -1 -1 -1 0 
211 3 2048 686 288 813 -1 -1 -1 0 
212 1 1636 782 258 692 -1 -1 -1 0 
212 3 2050 683 286 814 -1 -1 -1 0 
213 1 1636 789 259 692 -1 -1 -1 0 
213 3 2051 684 285 817 -1 -1 -1 0 
214 1 1637 791 256 691 -1 -1 -1 0 
214 3 2054 685 286 818 -1 -1 -1 0 
215 1 1638 792 255 695 -1 -1 -1 0 
215 3 2059 686 285 817 -1 -1 -1 0 
216 1 1638 794 252 697 -1 -1 -1 0 
216 3 2065 688 280 815 -1 -1 -1 0 
217 1 1639 795 242 694 -1 -1 -1 0 
217 3 2070 695 279 804 -1 -1 -1 0 
218 1 1637 796 241 687 -1 -1 -1 0 
218 3 2071 702 278 795 -1 -1 -1 0 
219 1 1635 798 243 673 -1 -1 -1 0 
219 3 2070 712 282 782 -1 -1 -1 0 
220 1 1635 798 242 664 -1 -1 -1 0 
220 3 2070 719 280 779 -1 -1 -1 0 
221 1 1637 801 239 655 -1 -1 -1 0 
221 3 2064 730 289 769 -1 -1 -1 0 
222 1 1637 801 237 661 -1 -1 -1 0 
222 3 2067 732 283 764 -1 -1 -1 0 
223 1 1638 800 238 668 -1 -1 -1 0 
223 3 2074 728 277 770 -1 -1 -1 0 
224 1 1642 799 232 672 -1 -1 -1 0 
224 3 2079 727 275 770 -1 -1 -1 0 
225 1 1643 806 233 663 -1 -1 -1 0 
225 3 2086 728 269 746 -1 -1 -1 0 
226 1 1646 809 228 660 -1 -1 -1 0 
226 3 2090 728 262 740 -1 -1 -1 0 
227 1 1646 816 228 651 -1 -1 -1 0 
227 3 2091 731 258 734 -1 -1 -1 0 
228 1 1650 820 225 649 -1 -1 -1 0 
228 3 2098 724 258 741 -1 -1 -1 0 
229 1 1652 833 226 625 -1 -1 -1 0 
229 3 2100 730 255 743 -1 -1 -1 0 
230 1 1655 834 225 621 -1 -1 -1 0 
230 3 2102 735 254 741 -1 -1 -1 0 
231 1 1659 834 223 621 -1 -1 -1 0 
231 3 2102 747 259 726 -1 -1 -1 0 
232 1 1663 834 223 621 -1 -1 -1 0 
232 3 2107 750 258 720 -1 -1 -1 0 
233 1 1673 836 223 615 -1 -1 -1 0 
233 3 2118 770 254 699 -1 -1 -1 0 
234 1 1676 836 223 607 -1 -1 -1 0 
234 3 2122 774 254 692 -1 -1 -1 0 
235 1 1681 835 220 610 -1 -1 -1 0 
235 3 2127 771 249 700 -1 -1 -1 0 
236 1 1682 835 222 610 -1 -1 -1 0 
236 3 2135 774 243 696 -1 -1 -1 0 
237 1 1683 837 222 604 -1 -1 -1 0 
237 3 2151 781 228 679 -1 -1 -1 0 
238 1 1685 840 219 595 -1 -1 -1 0 
238 3 2159 787 226 673 -1 -1 -1 0 
239 1 1686 845 220 584 -1 -1 -1 0 
239 3 2171 778 212 686 -1 -1 -1 0 
240 1 1681 821 219 628 -1 -1 -1 0 
240 3 2179 777 206 684 -1 -1 -1 0 
241 1 1681 831 219 618 -1 -1 -1 0 
241 3 2187 776 202 680 -1 -1 -1 0 
242 1 1682 835 215 620 -1 -1 -1 0 
242 3 2194 773 194 680 -1 -1 -1 0 
243 1 1680 838 216 629 -1 -1 -1 0 
243 3 2193 770 196 683 -1 -1 -1 0 
244 1 1679 839 215 631 -1 -1 -1 0 
244 3 2199 770 190 682 -1 -1 -1 0 
245 1 1680 839 210 608 -1 -1 -1 0 
245 3 2204 778 185 673 -1 -1 -1 0 
246 1 1680 839 203 603 -1 -1 -1 0 
246 3 2207 782 182 671 -1 -1 -1 0 
247 1 1677 840 204 600 -1 -1 -1 0 
247 3 2208 790 180 657 -1 -1 -1 0 
248 1 1675 839 203 598 -1 -1 -1 0 
248 3 2213 790 171 655 -1 -1 -1 0 
249 1 1672 860 209 571 -1 -1 -1 0 
249 3 2218 808 166 637 -1 -1 -1 0 
250 1 1670 852 204 582 -1 -1 -1 0 
250 3 2226 812 151 637 -1 -1 -1 0 
251 1 1666 855 213 579 -1 -1 -1 0 
251 3 2233 810 141 639 -1 -1 -1 0 
252 1 1663 863 216 567 -1 -1 -1 0 
252 3 2239 812 136 631 -1 -1 -1 0 
253 1 1660 867 216 556 -1 -1 -1 0 
253 3 2249 816 127 615 -1 -1 -1 0 
254 1 1659 868 220 562 -1 -1 -1 0 
254 3 2251 819 119 577 -1 -1 -1 0 
255 1 1655 868 226 560 -1 -1 -1 0 
255 3 2251 813 114 531 -1 -1 -1 0 
256 1 1651 873 231 557 -1 -1 -1 0 
256 3 2260 817 105 519 -1 -1 -1 0 
257 1 1649 875 230 554 -1 -1 -1 0 
257 3 2265 820 99 505 -1 -1 -1 0 
258 1 1650 876 229 552 -1 -1 -1 0 
259 1 1648 876 230 555 -1 -1 -1 0 
260 1 1647 876 232 547 -1 -1 -1 0 
261 1 1662 886 201 532 -1 -1 -1 0 
262 1 1662 887 197 526 -1 -1 -1 0 
263 1 1660 888 189 519 -1 -1 -1 0 
264 1 1659 887 181 524 -1 -1 -1 0 
265 1 1651 887 174 527 -1 -1 -1 0 
266 1 1648 888 171 523 -1 -1 -1 0 
267 1 1647 895 170 516 -1 -1 -1 0 
268 1 1645 899 164 511 -1 -1 -1 0 
269 1 1635 908 157 503 -1 -1 -1 0 
270 1 1632 910 156 504 -1 -1 -1 0 
271 1 1621 919 180 502 -1 -1 -1 0 
272 1 1613 916 185 507 -1 -1 -1 0 
273 1 1596 910 181 498 -1 -1 -1 0 
274 1 1585 910 178 489 -1 -1 -1 0 
275 1 1582 908 168 490 -1 -1 -1 0 
276 1 1575 914 165 481 -1 -1 -1 0 
277 1 1563 913 157 481 -1 -1 -1 0 
278 1 1562 915 149 488 -1 -1 -1 0 
279 1 1563 918 141 487 -1 -1 -1 0 
280 1 1557 914 137 493 -1 -1 -1 0 
281 1 1555 914 126 492 -1 -1 -1 0 
282 1 1558 912 117 492 -1 -1 -1 0 
283 1 1560 918 113 489 -1 -1 -1 0 
284 1 1562 916 109 494 -1 -1 -1 0 
285 1 1559 926 105 486 -1 -1 -1 0 
316 1 1554 959 110 410 -1 -1 -1 0 
317 1 1556 972 120 391 -1 -1 -1 0 
318 1 1557 981 121 383 -1 -1 -1 0 
319 1 1560 983 119 378 -1 -1 -1 0 
320 1 1568 979 112 378 -1 -1 -1 0 
321 1 1577 974 110 378 -1 -1 -1 0 
322 1 1580 968 113 388 -1 -1 -1 0 
323 1 1586 967 121 390 -1 -1 -1 0 
324 1 1594 970 124 379 -1 -1 -1 0 
325 1 1609 968 124 385 -1 -1 -1 0 
326 1 1614 968 125 390 -1 -1 -1 0 
327 1 1620 973 127 386 -1 -1 -1 0 
328 1 1633 978 118 375 -1 -1 -1 0 
329 1 1632 977 161 388 -1 -1 -1 0 
330 1 1632 980 172 387 -1 -1 -1 0 
331 1 1640 985 164 382 -1 -1 -1 0 
332 1 1654 980 154 380 -1 -1 -1 0 
333 1 1662 983 160 384 -1 -1 -1 0 
334 1 1665 982 163 384 -1 -1 -1 0 
335 1 1676 978 154 387 -1 -1 -1 0 
336 1 1688 978 143 389 -1 -1 -1 0 
337 1 1708 970 139 397 -1 -1 -1 0 
338 1 1718 966 138 402 -1 -1 -1 0 
339 1 1725 965 145 404 -1 -1 -1 0 
340 1 1728 967 153 395 -1 -1 -1 0 
341 1 1734 967 160 393 -1 -1 -1 0 
342 1 1738 966 159 387 -1 -1 -1 0 
343 1 1747 966 158 396 -1 -1 -1 0 
344 1 1757 969 160 399 -1 -1 -1 0 
345 1 1767 964 160 413 -1 -1 -1 0 
346 1 1772 963 158 417 -1 -1 -1 0 
347 1 1777 962 156 421 -1 -1 -1 0 
348 1 1780 964 153 421 -1 -1 -1 0 
349 1 1794 971 140 416 -1 -1 -1 0 
350 1 1803 971 133 415 -1 -1 -1 0 
351 1 1809 967 129 413 -1 -1 -1 0 
352 1 1814 961 129 411 -1 -1 -1 0 
353 1 1819 954 140 413 -1 -1 -1 0 
354 1 1825 949 141 419 -1 -1 -1 0 
355 1 1825 950 144 419 -1 -1 -1 0 
356 1 1827 958 154 410 -1 -1 -1 0 
357 1 1831 954 160 417 -1 -1 -1 0 
358 1 1831 951 166 423 -1 -1 -1 0 
359 1 1839 953 163 427 -1 -1 -1 0 
360 1 1844 955 160 425 -1 -1 -1 0 
361 1 1855 960 150 422 -1 -1 -1 0 
362 1 1857 958 147 422 -1 -1 -1 0 
363 1 1862 958 143 418 -1 -1 -1 0 
364 1 1870 960 140 416 -1 -1 -1 0 
365 1 1877 954 141 426 -1 -1 -1 0 
366 1 1879 944 142 439 -1 -1 -1 0 
367 1 1880 941 145 442 -1 -1 -1 0 
368 1 1882 939 149 442 -1 -1 -1 0 
369 1 1883 934 154 443 -1 -1 -1 0 
370 1 1882 931 167 446 -1 -1 -1 0 
371 1 1880 930 181 451 -1 -1 -1 0 
372 1 1881 929 184 455 -1 -1 -1 0 
373 1 1883 933 178 454 -1 -1 -1 0 
374 1 1886 937 173 450 -1 -1 -1 0 
375 1 1892 939 169 453 -1 -1 -1 0 
376 1 1893 939 171 456 -1 -1 -1 0 
377 1 1903 938 162 455 -1 -1 -1 0 
378 1 1907 936 159 456 -1 -1 -1 0 
379 1 1915 929 153 469 -1 -1 -1 0 
380 1 1915 921 153 480 -1 -1 -1 0 
381 1 1914 911 156 491 -1 -1 -1 0 
382 1 1915 904 157 498 -1 -1 -1 0 
383 1 1913 904 164 498 -1 -1 -1 0 
384 1 1914 904 164 501 -1 -1 -1 0 
385 1 1912 907 165 499 -1 -1 -1 0 
386 1 1912 909 166 497 -1 -1 -1 0 
387 1 1912 910 167 499 -1 -1 -1 0 
388 1 1913 912 167 496 -1 -1 -1 0 
389 1 1912 927 181 482 -1 -1 -1 0 
390 1 1914 926 177 482 -1 -1 -1 0 
391 1 1919 914 163 494 -1 -1 -1 0 
392 1 1919 909 162 500 -1 -1 -1 0 
393 1 1922 919 174 486 -1 -1 -1 0 
394 1 1919 904 176 499 -1 -1 -1 0 
395 1 1920 898 176 504 -1 -1 -1 0 
396 1 1920 888 178 517 -1 -1 -1 0 
397 1 1921 877 179 532 -1 -1 -1 0 
398 1 1927 888 178 518 -1 -1 -1 0 
399 1 1929 888 177 519 -1 -1 -1 0 
400 1 1931 890 176 523 -1 -1 -1 0 
401 1 1927 893 189 520 -1 -1 -1 0 
402 1 1928 895 189 522 -1 -1 -1 0 
403 1 1930 898 189 525 -1 -1 -1 0 
404 1 1931 899 194 528 -1 -1 -1 0 
405 1 1936 877 189 555 -1 -1 -1 0 
406 1 1936 873 188 560 -1 -1 -1 0 
407 1 1940 865 183 571 -1 -1 -1 0 
408 1 1942 853 185 587 -1 -1 -1 0 
409 1 1943 854 188 578 -1 -1 -1 0 
410 1 1946 849 188 586 -1 -1 -1 0 
411 1 1946 847 190 596 -1 -1 -1 0 
412 1 1944 843 196 601 -1 -1 -1 0 
413 1 1943 844 200 611 -1 -1 -1 0 
414 1 1942 845 205 613 -1 -1 -1 0 
415 1 1944 845 206 616 -1 -1 -1 0 
416 1 1948 845 203 616 -1 -1 -1 0 
417 1 1953 843 200 618 -1 -1 -1 0 
418 1 1964 860 191 579 -1 -1 -1 0 
419 1 1970 859 187 580 -1 -1 -1 0 
420 1 1973 857 192 585 -1 -1 -1 0 
421 1 1974 835 204 627 -1 -1 -1 0 
422 1 1972 854 217 587 -1 -1 -1 0 
423 1 1973 853 221 591 -1 -1 -1 0 
424 1 1977 850 219 595 -1 -1 -1 0 
425 1 1978 843 221 599 -1 -1 -1 0 
426 1 1979 841 225 605 -1 -1 -1 0 
427 1 1979 841 231 608 -1 -1 -1 0 
428 1 1979 844 237 609 -1 -1 -1 0 
429 1 1984 847 235 609 -1 -1 -1 0 
430 1 1985 848 230 610 -1 -1 -1 0 
431 1 1987 848 228 610 -1 -1 -1 0 
432 1 1988 846 227 613 -1 -1 -1 0 
433 1 1986 841 227 623 -1 -1 -1 0 
434 1 1986 838 231 627 -1 -1 -1 0 
435 1 1983 833 235 631 -1 -1 -1 0 
436 1 1978 828 240 633 -1 -1 -1 0 
437 1 1979 821 239 646 -1 -1 -1 0 
438 1 1979 817 245 649 -1 -1 -1 0 
439 1 1980 811 246 654 -1 -1 -1 0 
440 1 1979 808 249 659 -1 -1 -1 0 
440 6 2288 928 89 418 -1 -1 -1 0 
441 1 1980 808 252 666 -1 -1 -1 0 
441 6 2280 937 99 407 -1 -1 -1 0 
442 1 1980 798 248 686 -1 -1 -1 0 
442 6 2275 934 95 413 -1 -1 -1 0 
443 1 1981 796 249 694 -1 -1 -1 0 
443 6 2269 918 102 436 -1 -1 -1 0 
444 1 1979 810 257 670 -1 -1 -1 0 
444 6 2265 922 115 429 -1 -1 -1 0 
445 1 1987 803 251 683 -1 -1 -1 0 
445 6 2260 924 117 429 -1 -1 -1 0 
446 1 1988 795 249 691 -1 -1 -1 0 
446 6 2256 925 119 428 -1 -1 -1 0 
447 1 1988 788 249 697 -1 -1 -1 0 
447 6 2244 929 125 413 -1 -1 -1 0 
448 1 1988 782 249 704 -1 -1 -1 0 
448 6 2234 931 124 394 -1 -1 -1 0 
449 1 1989 766 259 724 -1 -1 -1 0 
449 6 2220 931 127 403 -1 -1 -1 0 
450 1 1988 762 264 729 -1 -1 -1 0 
450 6 2218 940 124 407 -1 -1 -1 0 
451 1 1988 758 265 734 -1 -1 -1 0 
451 6 2217 939 120 395 -1 -1 -1 0 
452 1 1985 755 276 739 -1 -1 -1 0 
452 6 2212 940 119 393 -1 -1 -1 0 
453 1 1987 753 302 748 -1 -1 -1 0 
454 1 1988 749 297 763 -1 -1 -1 0 
455 1 1991 749 298 763 -1 -1 -1 0 
456 1 1993 748 302 770 -1 -1 -1 0 
457 1 2000 745 297 774 -1 -1 -1 0 
458 1 2001 730 294 803 -1 -1 -1 0 
459 1 2004 721 293 816 -1 -1 -1 0 
460 1 2007 713 290 821 -1 -1 -1 0 
461 1 2019 707 283 823 -1 -1 -1 0 
462 1 2023 701 278 830 -1 -1 -1 0 
463 1 2023 687 281 845 -1 -1 -1 0 
464 1 2022 676 285 865 -1 -1 -1 0 
465 1 2022 673 291 870 -1 -1 -1 0 
466 1 2023 668 297 879 -1 -1 -1 0 
467 1 2023 663 308 891 -1 -1 -1 0 
468 1 2024 661 320 897 -1 -1 -1 0 
469 1 2023 666 336 892 -1 -1 -1 0 
470 1 2022 669 339 894 -1 -1 -1 0 
471 1 2020 665 346 903 -1 -1 -1 0 
472 1 2039 655 331 922 -1 -1 -1 0 
473 1 2067 641 313 936 -1 -1 -1 0 
474 1 2068 634 322 937 -1 -1 -1 0 
475 1 2067 627 340 953 -1 -1 -1 0 
475 7 1979 900 144 474 -1 -1 -1 0 
476 1 2076 617 340 941 -1 -1 -1 0 
476 7 1975 908 127 463 -1 -1 -1 0 
477 1 2088 587 345 999 -1 -1 -1 0 
477 7 1967 910 139 451 -1 -1 -1 0 
478 1 2092 574 349 1015 -1 -1 -1 0 
478 7 1962 903 141 460 -1 -1 -1 0 
479 1 2090 567 361 1032 -1 -1 -1 0 
479 7 1953 900 149 466 -1 -1 -1 0 
480 1 2091 558 366 1064 -1 -1 -1 0 
480 7 1946 897 156 477 -1 -1 -1 0 
481 1 2093 544 375 1098 -1 -1 -1 0 
481 7 1933 904 154 478 -1 -1 -1 0 
482 1 2093 559 381 1087 -1 -1 -1 0 
482 7 1920 902 162 483 -1 -1 -1 0 
483 1 2093 563 385 1093 -1 -1 -1 0 
483 7 1903 905 177 479 -1 -1 -1 0 
484 1 2093 565 390 1097 -1 -1 -1 0 
484 7 1894 904 179 482 -1 -1 -1 0 
485 1 2097 569 400 1093 -1 -1 -1 0 
485 7 1889 909 175 481 -1 -1 -1 0 
486 1 2097 559 405 1124 -1 -1 -1 0 
486 7 1882 907 175 477 -1 -1 -1 0 
487 1 2100 543 407 1147 -1 -1 -1 0 
487 7 1867 906 182 486 -1 -1 -1 0 
488 1 2110 522 396 1187 -1 -1 -1 0 
488 7 1866 899 176 492 -1 -1 -1 0 
489 1 2111 482 404 1214 -1 -1 -1 0 
489 7 1858 879 178 511 -1 -1 -1 0 
490 1 2112 476 408 1212 -1 -1 -1 0 
490 7 1853 873 181 514 -1 -1 -1 0 
491 1 2108 455 417 1221 -1 -1 -1 0 
491 7 1844 888 180 498 -1 -1 -1 0 
492 1 2103 443 428 1238 -1 -1 -1 0 
492 7 1835 889 186 497 -1 -1 -1 0 
493 1 2100 432 440 1266 -1 -1 -1 0 
493 7 1822 887 187 500 -1 -1 -1 0 
494 1 2088 434 457 1281 -1 -1 -1 0 
494 7 1812 888 198 495 -1 -1 -1 0 
495 1 2083 436 466 1296 -1 -1 -1 0 
495 7 1809 891 195 495 -1 -1 -1 0 
496 1 2090 441 468 1250 -1 -1 -1 0 
496 7 1802 887 195 502 -1 -1 -1 0 
497 1 2085 429 476 1276 -1 -1 -1 0 
497 7 1790 894 200 501 -1 -1 -1 0 
498 1 2078 428 481 1304 -1 -1 -1 0 
498 7 1788 893 197 510 -1 -1 -1 0 
499 1 2084 422 479 1330 -1 -1 -1 0 
499 7 1792 882 183 526 -1 -1 -1 0 
500 1 2086 401 483 1347 -1 -1 -1 0 
500 7 1790 882 178 524 -1 -1 -1 0 
501 1 2106 373 481 1380 -1 -1 -1 0 
501 7 1771 883 186 522 -1 -1 -1 0 
502 1 2116 361 485 1398 -1 -1 -1 0 
502 7 1768 877 188 525 -1 -1 -1 0 
503 1 2127 339 487 1421 -1 -1 -1 0 
503 7 1766 865 180 532 -1 -1 -1 0 
504 1 2141 324 489 1436 -1 -1 -1 0 
504 7 1763 868 185 526 -1 -1 -1 0 
505 1 2159 281 498 1490 -1 -1 -1 0 
505 7 1752 858 184 527 -1 -1 -1 0 
506 1 2170 258 504 1528 -1 -1 -1 0 
506 7 1745 853 183 528 -1 -1 -1 0 
507 1 2165 246 529 1574 -1 -1 -1 0 
507 7 1741 850 183 537 -1 -1 -1 0 
508 1 2162 240 556 1599 -1 -1 -1 0 
508 7 1735 851 186 542 -1 -1 -1 0 
509 1 2162 239 584 1614 -1 -1 -1 0 
509 7 1724 848 189 555 -1 -1 -1 0 
510 1 2164 236 603 1632 -1 -1 -1 0 
510 7 1719 842 193 561 -1 -1 -1 0 
511 1 2172 239 603 1660 -1 -1 -1 0 
511 7 1709 849 198 563 -1 -1 -1 0 
512 1 2172 236 616 1676 -1 -1 -1 0 
512 7 1699 856 203 554 -1 -1 -1 0 
513 1 2162 226 664 1725 -1 -1 -1 0 
513 7 1685 858 203 555 -1 -1 -1 0 
514 1 2161 191 657 1748 -1 -1 -1 0 
514 7 1681 854 198 554 -1 -1 -1 0 
515 1 2167 163 652 1780 -1 -1 -1 0 
515 7 1676 847 196 554 -1 -1 -1 0 
516 1 2173 138 645 1807 -1 -1 -1 0 
516 7 1671 849 196 554 -1 -1 -1 0 
517 1 2180 81 636 1866 -1 -1 -1 0 
517 7 1659 836 202 573 -1 -1 -1 0 
518 1 2184 60 623 1873 -1 -1 -1 0 
518 7 1645 837 209 575 -1 -1 -1 0 
519 1 2188 43 626 1881 -1 -1 -1 0 
519 7 1637 841 207 572 -1 -1 -1 0 
520 1 2189 35 637 1902 -1 -1 -1 0 
520 7 1632 832 205 583 -1 -1 -1 0 
521 1 2200 13 637 1960 -1 -1 -1 0 
521 7 1622 824 208 596 -1 -1 -1 0 
522 1 2209 17 620 1992 -1 -1 -1 0 
522 7 1609 822 215 586 -1 -1 -1 0 
523 1 2220 24 627 2019 -1 -1 -1 0 
523 7 1604 822 219 590 -1 -1 -1 0 
524 1 2236 5 636 2068 -1 -1 -1 0 
524 7 1600 826 223 588 -1 -1 -1 0 
525 1 2256 7 684 2084 -1 -1 -1 0 
525 7 1593 829 225 596 -1 -1 -1 0 
526 1 2271 26 676 2059 -1 -1 -1 0 
526 7 1588 828 230 600 -1 -1 -1 0 
527 1 2281 39 666 2040 -1 -1 -1 0 
527 7 1582 828 237 609 -1 -1 -1 0 
528 1 2306 32 660 2051 -1 -1 -1 0 
528 7 1584 828 232 603 -1 -1 -1 0 
529 1 2330 34 710 2041 -1 -1 -1 0 
529 7 1574 824 238 598 -1 -1 -1 0 
530 1 2351 39 730 2038 -1 -1 -1 0 
530 7 1568 822 237 594 -1 -1 -1 0 
531 1 2371 48 753 2040 -1 -1 -1 0 
531 7 1562 815 233 604 -1 -1 -1 0 
532 1 2386 47 819 2029 -1 -1 -1 0 
532 7 1555 810 227 613 -1 -1 -1 0 
533 1 2409 29 912 2092 -1 -1 -1 0 
533 7 1552 801 217 631 -1 -1 -1 0 
534 1 2410 47 997 2050 -1 -1 -1 0 
534 7 1546 794 217 644 -1 -1 -1 0 
535 1 2398 39 1087 2069 -1 -1 -1 0 
535 7 1542 792 219 649 -1 -1 -1 0 
536 1 2392 33 1172 2053 -1 -1 -1 0 
536 7 1538 789 218 653 -1 -1 -1 0 
537 1 2423 50 1262 2054 -1 -1 -1 0 
537 7 1525 790 217 659 -1 -1 -1 0 
538 1 2446 57 1353 2053 -1 -1 -1 0 
538 7 1515 794 219 648 -1 -1 -1 0 
539 1 2459 50 1358 2074 -1 -1 -1 0 
539 7 1510 796 217 646 -1 -1 -1 0 
540 1 2472 63 1365 2045 -1 -1 -1 0 
540 7 1498 800 225 642 -1 -1 -1 0 
541 1 2532 34 1307 2082 -1 -1 -1 0 
541 7 1477 795 225 645 -1 -1 -1 0 
542 1 2568 29 1248 2080 -1 -1 -1 0 
542 7 1473 791 215 653 -1 -1 -1 0 
543 1 2582 42 1229 2060 -1 -1 -1 0 
543 7 1460 796 222 647 -1 -1 -1 0 
544 1 2622 46 1183 2047 -1 -1 -1 0 
544 7 1450 787 225 670 -1 -1 -1 0 
545 1 2746 53 1090 2035 -1 -1 -1 0 
545 7 1440 787 226 677 -1 -1 -1 0 
546 1 2758 26 1077 2070 -1 -1 -1 0 
546 7 1433 794 227 672 -1 -1 -1 0 
547 1 2783 1 1048 2093 -1 -1 -1 0 
547 7 1431 791 225 671 -1 -1 -1 0 
548 1 2834 13 997 2078 -1 -1 -1 0 
548 7 1429 786 225 669 -1 -1 -1 0 
549 1 2935 9 904 2067 -1 -1 -1 0 
549 7 1414 765 217 692 -1 -1 -1 0 
550 1 2936 14 898 2046 -1 -1 -1 0 
550 7 1416 760 209 702 -1 -1 -1 0 
551 1 2922 18 911 2050 -1 -1 -1 0 
551 7 1418 755 203 707 -1 -1 -1 0 
552 1 2957 28 879 2045 -1 -1 -1 0 
552 7 1418 756 197 696 -1 -1 -1 0 
553 1 3192 23 645 2076 -1 -1 -1 0 
553 7 1425 758 172 692 -1 -1 -1 0 
554 1 3258 22 580 2083 -1 -1 -1 0 
554 7 1424 762 157 690 -1 -1 -1 0 
555 1 3347 45 490 2076 -1 -1 -1 0 
555 7 1423 771 146 677 -1 -1 -1 0 
556 1 3411 49 428 2080 -1 -1 -1 0 
556 7 1422 827 134 621 -1 -1 -1 0 
557 7 1426 861 130 578 -1 -1 -1 0 
558 7 1425 859 128 583 -1 -1 -1 0 
616 7 1424 820 103 374 -1 -1 -1 0 
617 7 1431 835 122 502 -1 -1 -1 0 
618 7 1433 843 145 534 -1 -1 -1 0 
619 7 1432 829 205 577 -1 -1 -1 0 
620 7 1433 824 226 578 -1 -1 -1 0 
621 7 1471 836 258 597 -1 -1 -1 0 
622 7 1525 828 244 619 -1 -1 -1 0 
623 7 1560 838 248 606 -1 -1 -1 0 
624 7 1581 844 256 607 -1 -1 -1 0 
625 7 1606 836 264 607 -1 -1 -1 0 
626 7 1623 835 273 605 -1 -1 -1 0 
627 7 1667 841 264 583 -1 -1 -1 0 
628 7 1690 847 266 556 -1 -1 -1 0 
629 7 1795 863 219 537 -1 -1 -1 0 
630 7 1835 870 194 500 -1 -1 -1 0 
631 7 1870 864 212 517 -1 -1 -1 0 
632 7 1889 862 214 542 -1 -1 -1 0 
633 7 1890 852 260 552 -1 -1 -1 0 
634 7 1920 849 262 525 -1 -1 -1 0 
635 7 1975 855 243 511 -1 -1 -1 0 
636 7 2024 863 214 511 -1 -1 -1 0 
637 7 2079 874 203 524 -1 -1 -1 0 
638 7 2104 867 196 520 -1 -1 -1 0 
639 7 2106 870 216 520 -1 -1 -1 0 
640 7 2130 863 212 525 -1 -1 -1 0 
641 7 2177 852 202 517 -1 -1 -1 0 
642 7 2195 864 187 484 -1 -1 -1 0 
643 7 2223 872 154 457 -1 -1 -1 0 
644 7 2245 876 123 426 -1 -1 -1 0 
