77 1 1 59 920 2032 -1 -1 -1 0 Test11.txt 
78 1 4 56 970 2047 -1 -1 -1 0 Test11.txt 
79 1 6 45 1004 2069 -1 -1 -1 0 Test11.txt 
80 1 13 53 1026 2104 -1 -1 -1 0 Test11.txt 
81 1 26 90 1088 2036 -1 -1 -1 0 Test11.txt 
82 1 30 73 1096 2053 -1 -1 -1 0 Test11.txt 
83 1 27 117 1110 2018 -1 -1 -1 0 Test11.txt 
84 1 22 142 1137 1997 -1 -1 -1 0 Test11.txt 
85 1 26 76 1201 2083 -1 -1 -1 0 Test11.txt 
86 1 17 78 1278 2081 -1 -1 -1 0 Test11.txt 
87 1 18 63 1288 2092 -1 -1 -1 0 Test11.txt 
88 1 13 56 1307 2100 -1 -1 -1 0 Test11.txt 
89 1 3 21 1406 2117 -1 -1 -1 0 Test11.txt 
90 1 3 33 1452 2124 -1 -1 -1 0 Test11.txt 
91 1 33 37 1434 2105 -1 -1 -1 0 Test11.txt 
92 1 106 21 1370 2122 -1 -1 -1 0 Test11.txt 
93 1 209 0 1306 2143 -1 -1 -1 0 Test11.txt 
94 1 271 12 1279 2136 -1 -1 -1 0 Test11.txt 
95 1 314 15 1249 2124 -1 -1 -1 0 Test11.txt 
96 1 349 17 1249 2116 -1 -1 -1 0 Test11.txt 
97 1 416 20 1208 2097 -1 -1 -1 0 Test11.txt 
98 1 463 0 1156 2139 -1 -1 -1 0 Test11.txt 
99 1 492 0 1145 2123 -1 -1 -1 0 Test11.txt 
100 1 529 0 1118 2117 -1 -1 -1 0 Test11.txt 
101 1 541 31 1151 2069 -1 -1 -1 0 Test11.txt 
102 1 575 14 1119 2106 -1 -1 -1 0 Test11.txt 
103 1 613 34 1055 2077 -1 -1 -1 0 Test11.txt 
104 1 633 32 1033 2083 -1 -1 -1 0 Test11.txt 
105 1 676 2 935 2129 -1 -1 -1 0 Test11.txt 
106 1 703 0 912 2152 -1 -1 -1 0 Test11.txt 
107 1 707 32 916 2112 -1 -1 -1 0 Test11.txt 
107 3 2825 18 1006 2088 -1 -1 -1 0 Test11.txt 
108 1 711 12 907 2123 -1 -1 -1 0 Test11.txt 
108 3 2833 17 1006 2081 -1 -1 -1 0 Test11.txt 
109 1 734 22 885 2113 -1 -1 -1 0 Test11.txt 
109 3 2970 53 864 2042 -1 -1 -1 0 Test11.txt 
110 1 756 28 857 2103 -1 -1 -1 0 Test11.txt 
110 3 2874 44 965 2070 -1 -1 -1 0 Test11.txt 
111 1 766 45 848 2068 -1 -1 -1 0 Test11.txt 
111 3 2479 67 1360 2028 -1 -1 -1 0 Test11.txt 
112 1 774 29 840 2126 -1 -1 -1 0 Test11.txt 
112 3 2418 77 1421 2021 -1 -1 -1 0 Test11.txt 
113 1 812 34 804 2080 -1 -1 -1 0 Test11.txt 
113 3 2541 78 1272 2032 -1 -1 -1 0 Test11.txt 
114 1 833 18 784 2097 -1 -1 -1 0 Test11.txt 
114 3 2504 86 1305 2025 -1 -1 -1 0 Test11.txt 
115 1 855 12 771 2087 -1 -1 -1 0 Test11.txt 
115 3 2379 49 1438 2059 -1 -1 -1 0 Test11.txt 
116 1 874 4 764 2088 -1 -1 -1 0 Test11.txt 
116 3 2337 12 1451 2097 -1 -1 -1 0 Test11.txt 
117 1 905 40 750 2037 -1 -1 -1 0 Test11.txt 
117 3 2356 52 1361 2063 -1 -1 -1 0 Test11.txt 
118 1 919 52 752 2030 -1 -1 -1 0 Test11.txt 
118 3 2339 59 1322 2064 -1 -1 -1 0 Test11.txt 
119 1 955 45 725 2038 -1 -1 -1 0 Test11.txt 
119 3 2322 1 1252 2111 -1 -1 -1 0 Test11.txt 
120 1 980 59 704 2016 -1 -1 -1 0 Test11.txt 
120 3 2333 23 1229 2091 -1 -1 -1 0 Test11.txt 
121 1 1014 64 687 1948 -1 -1 -1 0 Test11.txt 
121 3 2402 42 1061 2087 -1 -1 -1 0 Test11.txt 
122 1 1031 58 686 1905 -1 -1 -1 0 Test11.txt 
122 3 2356 18 1134 2104 -1 -1 -1 0 Test11.txt 
123 1 1047 55 677 1960 -1 -1 -1 0 Test11.txt 
123 3 2359 9 991 2119 -1 -1 -1 0 Test11.txt 
124 1 1066 79 661 1850 -1 -1 -1 0 Test11.txt 
124 3 2336 63 1008 2028 -1 -1 -1 0 Test11.txt 
125 1 1092 102 647 1819 -1 -1 -1 0 Test11.txt 
125 3 2300 77 1028 1985 -1 -1 -1 0 Test11.txt 
126 1 1103 114 645 1790 -1 -1 -1 0 Test11.txt 
126 3 2285 77 1000 2005 -1 -1 -1 0 Test11.txt 
127 1 1108 125 641 1766 -1 -1 -1 0 Test11.txt 
127 3 2266 62 990 2017 -1 -1 -1 0 Test11.txt 
128 1 1115 140 636 1784 -1 -1 -1 0 Test11.txt 
128 3 2268 48 943 2035 -1 -1 -1 0 Test11.txt 
129 1 1128 188 630 1730 -1 -1 -1 0 Test11.txt 
129 3 2247 50 905 2026 -1 -1 -1 0 Test11.txt 
130 1 1137 214 625 1701 -1 -1 -1 0 Test11.txt 
130 3 2215 50 894 2000 -1 -1 -1 0 Test11.txt 
131 1 1145 222 620 1697 -1 -1 -1 0 Test11.txt 
131 3 2211 36 859 2008 -1 -1 -1 0 Test11.txt 
132 1 1151 229 610 1681 -1 -1 -1 0 Test11.txt 
132 3 2204 42 851 2007 -1 -1 -1 0 Test11.txt 
133 1 1171 251 580 1647 -1 -1 -1 0 Test11.txt 
133 3 2199 47 820 1997 -1 -1 -1 0 Test11.txt 
134 1 1177 259 567 1628 -1 -1 -1 0 Test11.txt 
134 3 2186 42 817 1993 -1 -1 -1 0 Test11.txt 
135 1 1183 246 557 1626 -1 -1 -1 0 Test11.txt 
135 3 2167 44 806 1976 -1 -1 -1 0 Test11.txt 
136 1 1189 262 538 1537 -1 -1 -1 0 Test11.txt 
136 3 2138 43 813 1939 -1 -1 -1 0 Test11.txt 
137 1 1198 317 523 1410 -1 -1 -1 0 Test11.txt 
137 3 2116 61 768 1883 -1 -1 -1 0 Test11.txt 
138 1 1203 332 516 1395 -1 -1 -1 0 Test11.txt 
138 3 2125 40 705 1902 -1 -1 -1 0 Test11.txt 
139 1 1205 346 515 1367 -1 -1 -1 0 Test11.txt 
139 3 2107 28 707 1899 -1 -1 -1 0 Test11.txt 
140 1 1209 352 512 1372 -1 -1 -1 0 Test11.txt 
140 3 2109 25 670 1889 -1 -1 -1 0 Test11.txt 
141 1 1225 361 500 1382 -1 -1 -1 0 Test11.txt 
141 3 2105 42 639 1872 -1 -1 -1 0 Test11.txt 
142 1 1238 352 491 1413 -1 -1 -1 0 Test11.txt 
142 3 2099 34 631 1864 -1 -1 -1 0 Test11.txt 
143 1 1242 372 490 1386 -1 -1 -1 0 Test11.txt 
143 3 2103 22 606 1896 -1 -1 -1 0 Test11.txt 
144 1 1240 382 501 1367 -1 -1 -1 0 Test11.txt 
144 3 2099 8 597 1903 -1 -1 -1 0 Test11.txt 
145 1 1267 413 475 1333 -1 -1 -1 0 Test11.txt 
145 3 2096 25 582 1893 -1 -1 -1 0 Test11.txt 
146 1 1277 423 470 1324 -1 -1 -1 0 Test11.txt 
146 3 2087 43 586 1879 -1 -1 -1 0 Test11.txt 
147 1 1289 430 462 1321 -1 -1 -1 0 Test11.txt 
147 3 2083 71 578 1834 -1 -1 -1 0 Test11.txt 
148 1 1302 438 455 1320 -1 -1 -1 0 Test11.txt 
148 3 2089 90 568 1809 -1 -1 -1 0 Test11.txt 
149 1 1320 454 459 1263 -1 -1 -1 0 Test11.txt 
149 3 2091 119 560 1768 -1 -1 -1 0 Test11.txt 
150 1 1334 461 452 1246 -1 -1 -1 0 Test11.txt 
150 3 2089 128 553 1757 -1 -1 -1 0 Test11.txt 
151 1 1341 467 447 1220 -1 -1 -1 0 Test11.txt 
151 3 2089 135 545 1703 -1 -1 -1 0 Test11.txt 
152 1 1349 466 439 1215 -1 -1 -1 0 Test11.txt 
152 3 2096 137 532 1683 -1 -1 -1 0 Test11.txt 
153 1 1362 468 428 1209 -1 -1 -1 0 Test11.txt 
153 3 2094 157 514 1626 -1 -1 -1 0 Test11.txt 
154 1 1367 471 429 1205 -1 -1 -1 0 Test11.txt 
154 3 2086 167 513 1600 -1 -1 -1 0 Test11.txt 
155 1 1370 479 433 1192 -1 -1 -1 0 Test11.txt 
155 3 2084 172 507 1593 -1 -1 -1 0 Test11.txt 
156 1 1375 485 429 1180 -1 -1 -1 0 Test11.txt 
156 3 2090 191 493 1558 -1 -1 -1 0 Test11.txt 
157 1 1377 516 433 1142 -1 -1 -1 0 Test11.txt 
157 3 2077 229 486 1513 -1 -1 -1 0 Test11.txt 
158 1 1381 520 431 1154 -1 -1 -1 0 Test11.txt 
158 3 2072 256 482 1486 -1 -1 -1 0 Test11.txt 
159 1 1385 530 427 1150 -1 -1 -1 0 Test11.txt 
159 3 2070 264 480 1470 -1 -1 -1 0 Test11.txt 
160 1 1387 536 424 1152 -1 -1 -1 0 Test11.txt 
160 3 2061 287 475 1429 -1 -1 -1 0 Test11.txt 
161 1 1396 553 409 1131 -1 -1 -1 0 Test11.txt 
161 3 2059 330 461 1376 -1 -1 -1 0 Test11.txt 
162 1 1401 555 401 1125 -1 -1 -1 0 Test11.txt 
162 3 2048 347 457 1335 -1 -1 -1 0 Test11.txt 
163 1 1406 561 394 1114 -1 -1 -1 0 Test11.txt 
163 3 2013 369 489 1314 -1 -1 -1 0 Test11.txt 
164 1 1409 567 388 1082 -1 -1 -1 0 Test11.txt 
164 3 2002 350 492 1330 -1 -1 -1 0 Test11.txt 
165 1 1413 567 386 1056 -1 -1 -1 0 Test11.txt 
165 3 1999 360 468 1318 -1 -1 -1 0 Test11.txt 
166 1 1417 569 384 1043 -1 -1 -1 0 Test11.txt 
166 3 1992 364 465 1308 -1 -1 -1 0 Test11.txt 
167 1 1420 568 381 1051 -1 -1 -1 0 Test11.txt 
167 3 1984 364 467 1300 -1 -1 -1 0 Test11.txt 
168 1 1425 568 377 1052 -1 -1 -1 0 Test11.txt 
168 3 1987 364 458 1293 -1 -1 -1 0 Test11.txt 
169 1 1431 581 373 1039 -1 -1 -1 0 Test11.txt 
169 3 2001 386 442 1268 -1 -1 -1 0 Test11.txt 
170 1 1436 593 371 1030 -1 -1 -1 0 Test11.txt 
170 3 2002 385 449 1268 -1 -1 -1 0 Test11.txt 
171 1 1438 603 372 1019 -1 -1 -1 0 Test11.txt 
171 3 2003 390 460 1272 -1 -1 -1 0 Test11.txt 
172 1 1439 629 374 988 -1 -1 -1 0 Test11.txt 
172 3 2002 396 456 1264 -1 -1 -1 0 Test11.txt 
173 1 1449 646 371 969 -1 -1 -1 0 Test11.txt 
173 3 2005 405 450 1256 -1 -1 -1 0 Test11.txt 
174 1 1459 651 365 960 -1 -1 -1 0 Test11.txt 
174 3 2006 414 447 1246 -1 -1 -1 0 Test11.txt 
175 1 1473 658 350 951 -1 -1 -1 0 Test11.txt 
175 3 2005 421 442 1238 -1 -1 -1 0 Test11.txt 
176 1 1475 645 352 967 -1 -1 -1 0 Test11.txt 
176 3 2008 434 432 1225 -1 -1 -1 0 Test11.txt 
177 1 1495 657 339 951 -1 -1 -1 0 Test11.txt 
177 3 1999 466 424 1181 -1 -1 -1 0 Test11.txt 
178 1 1501 657 340 941 -1 -1 -1 0 Test11.txt 
178 3 2008 480 412 1164 -1 -1 -1 0 Test11.txt 
179 1 1507 658 341 921 -1 -1 -1 0 Test11.txt 
179 3 2018 488 407 1151 -1 -1 -1 0 Test11.txt 
180 1 1513 657 339 919 -1 -1 -1 0 Test11.txt 
180 3 2021 492 405 1147 -1 -1 -1 0 Test11.txt 
181 1 1523 659 336 916 -1 -1 -1 0 Test11.txt 
181 3 2026 493 393 1118 -1 -1 -1 0 Test11.txt 
182 1 1526 662 334 908 -1 -1 -1 0 Test11.txt 
182 3 2025 499 385 1104 -1 -1 -1 0 Test11.txt 
183 1 1530 661 330 902 -1 -1 -1 0 Test11.txt 
183 3 2023 502 379 1098 -1 -1 -1 0 Test11.txt 
184 1 1536 664 325 895 -1 -1 -1 0 Test11.txt 
184 3 2025 499 364 1093 -1 -1 -1 0 Test11.txt 
185 1 1542 675 318 883 -1 -1 -1 0 Test11.txt 
185 3 2035 505 348 1083 -1 -1 -1 0 Test11.txt 
186 1 1546 676 313 887 -1 -1 -1 0 Test11.txt 
186 3 2038 509 343 1080 -1 -1 -1 0 Test11.txt 
187 1 1549 684 309 880 -1 -1 -1 0 Test11.txt 
187 3 2035 519 345 1069 -1 -1 -1 0 Test11.txt 
188 1 1547 707 304 860 -1 -1 -1 0 Test11.txt 
188 3 2035 526 344 1060 -1 -1 -1 0 Test11.txt 
189 1 1551 720 298 836 -1 -1 -1 0 Test11.txt 
189 3 2026 554 355 1024 -1 -1 -1 0 Test11.txt 
190 1 1555 722 290 835 -1 -1 -1 0 Test11.txt 
190 3 2032 556 336 1014 -1 -1 -1 0 Test11.txt 
191 1 1557 722 288 831 -1 -1 -1 0 Test11.txt 
191 3 2029 566 340 1001 -1 -1 -1 0 Test11.txt 
192 1 1558 718 289 821 -1 -1 -1 0 Test11.txt 
192 3 2022 588 342 981 -1 -1 -1 0 Test11.txt 
193 1 1561 708 292 824 -1 -1 -1 0 Test11.txt 
193 3 2008 605 344 965 -1 -1 -1 0 Test11.txt 
194 1 1563 716 286 802 -1 -1 -1 0 Test11.txt 
194 3 1994 607 350 966 -1 -1 -1 0 Test11.txt 
195 1 1565 717 288 807 -1 -1 -1 0 Test11.txt 
195 3 1996 608 344 962 -1 -1 -1 0 Test11.txt 
196 1 1567 715 287 811 -1 -1 -1 0 Test11.txt 
196 3 1996 610 341 952 -1 -1 -1 0 Test11.txt 
197 1 1574 730 285 797 -1 -1 -1 0 Test11.txt 
197 3 1990 612 340 934 -1 -1 -1 0 Test11.txt 
198 1 1580 737 276 794 -1 -1 -1 0 Test11.txt 
198 3 1996 613 334 930 -1 -1 -1 0 Test11.txt 
199 1 1583 744 274 785 -1 -1 -1 0 Test11.txt 
199 3 1998 610 331 930 -1 -1 -1 0 Test11.txt 
200 1 1586 756 273 762 -1 -1 -1 0 Test11.txt 
200 3 2000 614 327 923 -1 -1 -1 0 Test11.txt 
201 1 1591 776 271 736 -1 -1 -1 0 Test11.txt 
201 3 2004 626 322 907 -1 -1 -1 0 Test11.txt 
202 1 1599 781 262 734 -1 -1 -1 0 Test11.txt 
202 3 2010 636 313 892 -1 -1 -1 0 Test11.txt 
203 1 1603 783 261 730 -1 -1 -1 0 Test11.txt 
203 3 2015 643 303 886 -1 -1 -1 0 Test11.txt 
204 1 1608 783 260 725 -1 -1 -1 0 Test11.txt 
204 3 2018 650 300 879 -1 -1 -1 0 Test11.txt 
205 1 1617 779 255 723 -1 -1 -1 0 Test11.txt 
205 3 2027 672 297 856 -1 -1 -1 0 Test11.txt 
206 1 1621 778 256 717 -1 -1 -1 0 Test11.txt 
206 3 2029 680 295 844 -1 -1 -1 0 Test11.txt 
207 1 1623 776 258 711 -1 -1 -1 0 Test11.txt 
207 3 2031 688 296 829 -1 -1 -1 0 Test11.txt 
208 1 1624 776 262 711 -1 -1 -1 0 Test11.txt 
208 3 2034 688 294 823 -1 -1 -1 0 Test11.txt 
209 1 1631 775 259 712 -1 -1 -1 0 Test11.txt 
209 3 2036 685 291 832 -1 -1 -1 0 Test11.txt 
210 1 1632 776 261 709 -1 -1 -1 0 Test11.txt 
210 3 2042 686 287 828 -1 -1 -1 0 Test11.txt 
211 1 1632 779 263 698 -1 -1 -1 0 Test11.txt 
211 3 2048 686 288 813 -1 -1 -1 0 Test11.txt 
212 1 1636 782 258 692 -1 -1 -1 0 Test11.txt 
212 3 2050 683 286 814 -1 -1 -1 0 Test11.txt 
213 1 1636 789 259 692 -1 -1 -1 0 Test11.txt 
213 3 2051 684 285 817 -1 -1 -1 0 Test11.txt 
214 1 1637 791 256 691 -1 -1 -1 0 Test11.txt 
214 3 2054 685 286 818 -1 -1 -1 0 Test11.txt 
215 1 1638 792 255 695 -1 -1 -1 0 Test11.txt 
215 3 2059 686 285 817 -1 -1 -1 0 Test11.txt 
216 1 1638 794 252 697 -1 -1 -1 0 Test11.txt 
216 3 2065 688 280 815 -1 -1 -1 0 Test11.txt 
217 1 1639 795 242 694 -1 -1 -1 0 Test11.txt 
217 3 2070 695 279 804 -1 -1 -1 0 Test11.txt 
218 1 1637 796 241 687 -1 -1 -1 0 Test11.txt 
218 3 2071 702 279 795 -1 -1 -1 0 Test11.txt 
218 8 2870 773 197 720 -1 -1 -1 0 Test12.txt 
219 1 1635 798 243 673 -1 -1 -1 0 Test11.txt 
219 3 2070 712 282 782 -1 -1 -1 0 Test11.txt 
219 8 2859 773 204 724 -1 -1 -1 0 Test12.txt 
220 1 1635 798 242 664 -1 -1 -1 0 Test11.txt 
220 3 2070 719 280 779 -1 -1 -1 0 Test11.txt 
220 8 2847 777 218 732 -1 -1 -1 0 Test12.txt 
221 1 1637 801 239 655 -1 -1 -1 0 Test11.txt 
221 3 2064 730 289 769 -1 -1 -1 0 Test11.txt 
221 8 2831 771 232 751 -1 -1 -1 0 Test12.txt 
222 1 1637 801 237 661 -1 -1 -1 0 Test11.txt 
222 3 2067 732 283 764 -1 -1 -1 0 Test11.txt 
222 8 2826 772 234 752 -1 -1 -1 0 Test12.txt 
223 1 1638 800 238 668 -1 -1 -1 0 Test11.txt 
223 3 2074 728 277 770 -1 -1 -1 0 Test11.txt 
223 8 2821 768 239 755 -1 -1 -1 0 Test12.txt 
224 1 1642 799 232 672 -1 -1 -1 0 Test11.txt 
224 3 2079 727 275 770 -1 -1 -1 0 Test11.txt 
224 8 2816 767 224 752 -1 -1 -1 0 Test12.txt 
225 1 1643 806 233 663 -1 -1 -1 0 Test11.txt 
225 3 2086 728 269 746 -1 -1 -1 0 Test11.txt 
225 8 2806 770 215 737 -1 -1 -1 0 Test12.txt 
226 1 1646 809 228 660 -1 -1 -1 0 Test11.txt 
226 3 2090 728 262 740 -1 -1 -1 0 Test11.txt 
226 8 2798 775 200 730 -1 -1 -1 0 Test12.txt 
227 1 1646 816 228 651 -1 -1 -1 0 Test11.txt 
227 3 2095 728 257 736 -1 -1 -1 0 Test11.txt 
227 8 2781 772 197 731 -1 -1 -1 0 Test12.txt 
228 1 1650 820 225 649 -1 -1 -1 0 Test11.txt 
228 3 2098 724 258 741 -1 -1 -1 0 Test11.txt 
228 8 2766 772 184 719 -1 -1 -1 0 Test12.txt 
229 1 1652 833 226 625 -1 -1 -1 0 Test11.txt 
229 3 2100 730 255 743 -1 -1 -1 0 Test11.txt 
229 8 2744 764 188 742 -1 -1 -1 0 Test12.txt 
230 1 1655 834 225 621 -1 -1 -1 0 Test11.txt 
230 3 2102 735 254 741 -1 -1 -1 0 Test11.txt 
230 8 2722 763 203 746 -1 -1 -1 0 Test12.txt 
231 1 1659 834 223 622 -1 -1 -1 0 Test11.txt 
231 3 2102 747 259 726 -1 -1 -1 0 Test11.txt 
231 8 2685 762 222 740 -1 -1 -1 0 Test12.txt 
232 1 1663 834 223 621 -1 -1 -1 0 Test11.txt 
232 3 2107 750 258 720 -1 -1 -1 0 Test11.txt 
232 8 2643 770 261 730 -1 -1 -1 0 Test12.txt 
233 1 1673 836 223 615 -1 -1 -1 0 Test11.txt 
233 3 2118 770 254 699 -1 -1 -1 0 Test11.txt 
233 8 2594 775 313 726 -1 -1 -1 0 Test12.txt 
234 1 1676 836 223 607 -1 -1 -1 0 Test11.txt 
234 3 2122 774 254 692 -1 -1 -1 0 Test11.txt 
234 8 2527 757 372 738 -1 -1 -1 0 Test12.txt 
235 1 1681 835 220 610 -1 -1 -1 0 Test11.txt 
235 3 2127 771 249 700 -1 -1 -1 0 Test11.txt 
235 8 2503 762 397 744 -1 -1 -1 0 Test12.txt 
236 1 1682 835 222 610 -1 -1 -1 0 Test11.txt 
236 3 2135 774 244 696 -1 -1 -1 0 Test11.txt 
236 8 2502 762 396 753 -1 -1 -1 0 Test12.txt 
237 1 1683 837 222 604 -1 -1 -1 0 Test11.txt 
237 3 2151 781 228 679 -1 -1 -1 0 Test11.txt 
237 8 2492 754 393 760 -1 -1 -1 0 Test12.txt 
238 1 1685 840 219 595 -1 -1 -1 0 Test11.txt 
238 3 2159 787 226 673 -1 -1 -1 0 Test11.txt 
238 8 2491 749 376 769 -1 -1 -1 0 Test12.txt 
238 9 2906 754 173 837 -1 -1 -1 0 Test12.txt 
239 1 1681 816 219 632 -1 -1 -1 0 Test11.txt 
239 3 2171 778 212 686 -1 -1 -1 0 Test11.txt 
239 8 2498 752 333 762 -1 -1 -1 0 Test12.txt 
239 9 2888 741 208 867 -1 -1 -1 0 Test12.txt 
240 1 1680 820 221 630 -1 -1 -1 0 Test11.txt 
240 3 2179 777 206 684 -1 -1 -1 0 Test11.txt 
240 8 2488 755 264 754 -1 -1 -1 0 Test12.txt 
240 9 2868 738 219 877 -1 -1 -1 0 Test12.txt 
241 1 1681 831 219 618 -1 -1 -1 0 Test11.txt 
241 3 2187 776 202 680 -1 -1 -1 0 Test11.txt 
241 8 2483 754 234 754 -1 -1 -1 0 Test12.txt 
241 9 2847 733 232 884 -1 -1 -1 0 Test12.txt 
242 1 1682 836 215 619 -1 -1 -1 0 Test11.txt 
242 3 2194 773 194 680 -1 -1 -1 0 Test11.txt 
242 8 2473 754 215 742 -1 -1 -1 0 Test12.txt 
242 9 2814 712 265 912 -1 -1 -1 0 Test12.txt 
243 1 1681 838 215 629 -1 -1 -1 0 Test11.txt 
243 3 2193 770 196 683 -1 -1 -1 0 Test11.txt 
243 8 2448 754 217 752 -1 -1 -1 0 Test12.txt 
243 9 2804 715 271 906 -1 -1 -1 0 Test12.txt 
244 1 1680 839 214 630 -1 -1 -1 0 Test11.txt 
244 3 2199 770 190 682 -1 -1 -1 0 Test11.txt 
244 8 2418 747 225 766 -1 -1 -1 0 Test12.txt 
244 9 2790 736 281 864 -1 -1 -1 0 Test12.txt 
245 1 1680 839 210 608 -1 -1 -1 0 Test11.txt 
245 3 2204 778 185 673 -1 -1 -1 0 Test11.txt 
245 8 2380 748 237 774 -1 -1 -1 0 Test12.txt 
245 9 2782 726 281 882 -1 -1 -1 0 Test12.txt 
246 1 1680 840 203 602 -1 -1 -1 0 Test11.txt 
246 3 2207 782 182 671 -1 -1 -1 0 Test11.txt 
246 8 2335 762 270 750 -1 -1 -1 0 Test12.txt 
246 9 2777 721 282 888 -1 -1 -1 0 Test12.txt 
247 1 1677 841 204 599 -1 -1 -1 0 Test11.txt 
247 3 2208 790 180 657 -1 -1 -1 0 Test11.txt 
247 8 2299 768 296 743 -1 -1 -1 0 Test12.txt 
247 9 2769 710 285 900 -1 -1 -1 0 Test12.txt 
248 1 1675 839 203 598 -1 -1 -1 0 Test11.txt 
248 3 2213 790 171 655 -1 -1 -1 0 Test11.txt 
248 8 2265 759 324 756 -1 -1 -1 0 Test12.txt 
248 9 2751 707 294 901 -1 -1 -1 0 Test12.txt 
249 1 1672 860 209 571 -1 -1 -1 0 Test11.txt 
249 3 2218 808 166 637 -1 -1 -1 0 Test11.txt 
249 8 2236 770 344 738 -1 -1 -1 0 Test12.txt 
249 9 2736 695 309 925 -1 -1 -1 0 Test12.txt 
250 1 1670 852 204 582 -1 -1 -1 0 Test11.txt 
250 3 2226 812 151 637 -1 -1 -1 0 Test11.txt 
250 8 2222 765 345 747 -1 -1 -1 0 Test12.txt 
250 9 2713 687 323 941 -1 -1 -1 0 Test12.txt 
251 1 1666 855 213 579 -1 -1 -1 0 Test11.txt 
251 3 2233 810 141 639 -1 -1 -1 0 Test11.txt 
251 8 2195 765 365 763 -1 -1 -1 0 Test12.txt 
251 9 2682 682 346 953 -1 -1 -1 0 Test12.txt 
252 1 1663 863 216 567 -1 -1 -1 0 Test11.txt 
252 3 2239 812 135 631 -1 -1 -1 0 Test11.txt 
252 8 2193 753 356 771 -1 -1 -1 0 Test12.txt 
252 9 2605 676 420 966 -1 -1 -1 0 Test12.txt 
253 1 1660 867 216 556 -1 -1 -1 0 Test11.txt 
253 3 2249 816 127 615 -1 -1 -1 0 Test11.txt 
253 8 2187 743 341 781 -1 -1 -1 0 Test12.txt 
253 9 2567 678 460 974 -1 -1 -1 0 Test12.txt 
254 1 1659 868 220 562 -1 -1 -1 0 Test11.txt 
254 3 2251 819 119 577 -1 -1 -1 0 Test11.txt 
254 8 2186 757 292 765 -1 -1 -1 0 Test12.txt 
254 9 2553 677 473 981 -1 -1 -1 0 Test12.txt 
255 1 1655 868 226 560 -1 -1 -1 0 Test11.txt 
255 3 2250 814 116 525 -1 -1 -1 0 Test11.txt 
255 8 2193 743 235 780 -1 -1 -1 0 Test12.txt 
255 9 2561 681 462 977 -1 -1 -1 0 Test12.txt 
256 1 1651 872 230 558 -1 -1 -1 0 Test11.txt 
256 3 2260 817 105 519 -1 -1 -1 0 Test11.txt 
256 8 2180 759 215 754 -1 -1 -1 0 Test12.txt 
256 9 2565 680 458 982 -1 -1 -1 0 Test12.txt 
257 1 1649 874 231 555 -1 -1 -1 0 Test11.txt 
257 3 2265 820 99 504 -1 -1 -1 0 Test11.txt 
257 8 2132 746 203 774 -1 -1 -1 0 Test12.txt 
257 9 2556 679 448 982 -1 -1 -1 0 Test12.txt 
258 1 1650 876 229 552 -1 -1 -1 0 Test11.txt 
258 8 2095 745 215 777 -1 -1 -1 0 Test12.txt 
258 9 2524 664 469 1001 -1 -1 -1 0 Test12.txt 
259 1 1648 876 230 555 -1 -1 -1 0 Test11.txt 
259 8 2060 736 241 786 -1 -1 -1 0 Test12.txt 
259 9 2508 661 455 991 -1 -1 -1 0 Test12.txt 
260 1 1647 876 232 547 -1 -1 -1 0 Test11.txt 
260 8 2027 748 271 768 -1 -1 -1 0 Test12.txt 
260 9 2505 651 441 1001 -1 -1 -1 0 Test12.txt 
261 1 1662 886 201 532 -1 -1 -1 0 Test11.txt 
261 8 1990 753 308 757 -1 -1 -1 0 Test12.txt 
261 9 2506 642 429 1026 -1 -1 -1 0 Test12.txt 
262 1 1662 887 197 526 -1 -1 -1 0 Test11.txt 
262 8 1933 760 357 751 -1 -1 -1 0 Test12.txt 
262 9 2496 626 428 1064 -1 -1 -1 0 Test12.txt 
263 1 1660 888 189 519 -1 -1 -1 0 Test11.txt 
263 8 1890 764 393 740 -1 -1 -1 0 Test12.txt 
263 9 2482 620 443 1072 -1 -1 -1 0 Test12.txt 
264 1 1659 887 181 524 -1 -1 -1 0 Test11.txt 
264 8 1886 745 397 774 -1 -1 -1 0 Test12.txt 
264 9 2470 620 440 1077 -1 -1 -1 0 Test12.txt 
265 1 1651 887 174 527 -1 -1 -1 0 Test11.txt 
265 8 1854 744 407 776 -1 -1 -1 0 Test12.txt 
265 9 2479 605 408 1102 -1 -1 -1 0 Test12.txt 
266 1 1648 888 171 523 -1 -1 -1 0 Test11.txt 
266 8 1845 753 388 757 -1 -1 -1 0 Test12.txt 
266 9 2470 602 399 1117 -1 -1 -1 0 Test12.txt 
267 1 1647 895 170 516 -1 -1 -1 0 Test11.txt 
267 8 1857 747 346 773 -1 -1 -1 0 Test12.txt 
267 9 2464 613 390 1116 -1 -1 -1 0 Test12.txt 
268 1 1645 899 164 511 -1 -1 -1 0 Test11.txt 
268 8 1863 735 291 779 -1 -1 -1 0 Test12.txt 
268 9 2461 600 388 1136 -1 -1 -1 0 Test12.txt 
269 1 1635 908 157 503 -1 -1 -1 0 Test11.txt 
269 8 1865 720 268 795 -1 -1 -1 0 Test12.txt 
269 9 2456 595 397 1160 -1 -1 -1 0 Test12.txt 
270 1 1632 910 156 504 -1 -1 -1 0 Test11.txt 
270 8 1856 733 203 771 -1 -1 -1 0 Test12.txt 
270 9 2454 594 403 1176 -1 -1 -1 0 Test12.txt 
271 1 1621 919 180 502 -1 -1 -1 0 Test11.txt 
271 8 1833 752 197 741 -1 -1 -1 0 Test12.txt 
271 9 2457 591 401 1179 -1 -1 -1 0 Test12.txt 
272 1 1613 916 185 507 -1 -1 -1 0 Test11.txt 
272 8 1792 749 206 715 -1 -1 -1 0 Test12.txt 
272 9 2460 579 409 1201 -1 -1 -1 0 Test12.txt 
273 1 1596 910 181 498 -1 -1 -1 0 Test11.txt 
273 8 1758 744 214 746 -1 -1 -1 0 Test12.txt 
273 9 2459 576 414 1190 -1 -1 -1 0 Test12.txt 
274 1 1585 910 178 489 -1 -1 -1 0 Test11.txt 
274 8 1720 738 226 761 -1 -1 -1 0 Test12.txt 
274 9 2461 570 413 1191 -1 -1 -1 0 Test12.txt 
275 1 1582 908 167 490 -1 -1 -1 0 Test11.txt 
275 8 1657 741 283 763 -1 -1 -1 0 Test12.txt 
275 9 2464 561 418 1195 -1 -1 -1 0 Test12.txt 
276 1 1575 914 165 481 -1 -1 -1 0 Test11.txt 
276 8 1608 741 338 769 -1 -1 -1 0 Test12.txt 
276 9 2465 549 421 1213 -1 -1 -1 0 Test12.txt 
277 1 1563 913 157 481 -1 -1 -1 0 Test11.txt 
277 8 1584 750 367 759 -1 -1 -1 0 Test12.txt 
277 9 2465 543 430 1230 -1 -1 -1 0 Test12.txt 
278 1 1562 915 149 489 -1 -1 -1 0 Test11.txt 
278 8 1528 748 425 765 -1 -1 -1 0 Test12.txt 
278 9 2468 536 433 1253 -1 -1 -1 0 Test12.txt 
279 1 1563 918 141 487 -1 -1 -1 0 Test11.txt 
279 8 1497 749 450 759 -1 -1 -1 0 Test12.txt 
279 9 2472 528 428 1266 -1 -1 -1 0 Test12.txt 
280 1 1557 914 137 493 -1 -1 -1 0 Test11.txt 
280 8 1498 728 453 787 -1 -1 -1 0 Test12.txt 
280 9 2471 524 437 1304 -1 -1 -1 0 Test12.txt 
281 1 1555 914 126 492 -1 -1 -1 0 Test11.txt 
281 8 1496 726 419 793 -1 -1 -1 0 Test12.txt 
281 9 2465 514 451 1334 -1 -1 -1 0 Test12.txt 
282 1 1558 912 117 492 -1 -1 -1 0 Test11.txt 
282 8 1495 738 363 778 -1 -1 -1 0 Test12.txt 
282 9 2467 515 454 1348 -1 -1 -1 0 Test12.txt 
283 1 1560 918 113 489 -1 -1 -1 0 Test11.txt 
283 8 1499 730 304 771 -1 -1 -1 0 Test12.txt 
283 9 2476 545 464 1311 -1 -1 -1 0 Test12.txt 
284 1 1562 916 109 494 -1 -1 -1 0 Test11.txt 
284 8 1482 723 267 782 -1 -1 -1 0 Test12.txt 
284 9 2464 536 481 1323 -1 -1 -1 0 Test12.txt 
285 1 1559 926 105 486 -1 -1 -1 0 Test11.txt 
285 8 1454 727 272 782 -1 -1 -1 0 Test12.txt 
285 9 2472 495 484 1381 -1 -1 -1 0 Test12.txt 
286 8 1425 733 243 790 -1 -1 -1 0 Test12.txt 
286 9 2470 464 507 1422 -1 -1 -1 0 Test12.txt 
287 8 1368 737 278 778 -1 -1 -1 0 Test12.txt 
287 9 2472 453 519 1439 -1 -1 -1 0 Test12.txt 
288 8 1357 723 279 786 -1 -1 -1 0 Test12.txt 
288 9 2475 445 546 1454 -1 -1 -1 0 Test12.txt 
289 8 1341 719 288 792 -1 -1 -1 0 Test12.txt 
289 9 2484 445 534 1454 -1 -1 -1 0 Test12.txt 
290 8 1305 732 329 783 -1 -1 -1 0 Test12.txt 
290 9 2488 419 559 1476 -1 -1 -1 0 Test12.txt 
291 8 1263 739 378 774 -1 -1 -1 0 Test12.txt 
291 9 2491 417 635 1447 -1 -1 -1 0 Test12.txt 
292 8 1231 743 405 766 -1 -1 -1 0 Test12.txt 
292 9 2501 394 656 1512 -1 -1 -1 0 Test12.txt 
293 8 1218 764 410 751 -1 -1 -1 0 Test12.txt 
293 9 2506 392 666 1534 -1 -1 -1 0 Test12.txt 
294 8 1183 758 446 759 -1 -1 -1 0 Test12.txt 
294 9 2533 384 745 1572 -1 -1 -1 0 Test12.txt 
295 8 1168 752 448 765 -1 -1 -1 0 Test12.txt 
295 9 2549 386 735 1585 -1 -1 -1 0 Test12.txt 
296 8 1172 753 394 764 -1 -1 -1 0 Test12.txt 
296 9 2576 367 678 1624 -1 -1 -1 0 Test12.txt 
297 8 1193 760 225 723 -1 -1 -1 0 Test12.txt 
297 9 2590 337 679 1694 -1 -1 -1 0 Test12.txt 
298 8 1195 746 203 735 -1 -1 -1 0 Test12.txt 
298 9 2606 381 708 1636 -1 -1 -1 0 Test12.txt 
299 8 1181 748 180 723 -1 -1 -1 0 Test12.txt 
299 9 2630 347 675 1679 -1 -1 -1 0 Test12.txt 
300 8 1153 741 202 739 -1 -1 -1 0 Test12.txt 
300 9 2657 304 689 1727 -1 -1 -1 0 Test12.txt 
301 8 1122 728 212 755 -1 -1 -1 0 Test12.txt 
301 9 2677 288 699 1752 -1 -1 -1 0 Test12.txt 
302 8 1107 725 221 778 -1 -1 -1 0 Test12.txt 
302 9 2712 288 704 1754 -1 -1 -1 0 Test12.txt 
303 8 1069 721 245 793 -1 -1 -1 0 Test12.txt 
303 9 2740 280 707 1761 -1 -1 -1 0 Test12.txt 
304 8 981 727 339 793 -1 -1 -1 0 Test12.txt 
304 9 2769 284 711 1756 -1 -1 -1 0 Test12.txt 
305 8 931 728 388 795 -1 -1 -1 0 Test12.txt 
305 9 2807 253 702 1813 -1 -1 -1 0 Test12.txt 
306 8 897 728 411 800 -1 -1 -1 0 Test12.txt 
306 9 2825 228 764 1859 -1 -1 -1 0 Test12.txt 
307 8 860 736 441 785 -1 -1 -1 0 Test12.txt 
307 9 2851 204 786 1918 -1 -1 -1 0 Test12.txt 
308 8 845 734 439 787 -1 -1 -1 0 Test12.txt 
308 9 2892 202 799 1902 -1 -1 -1 0 Test12.txt 
309 8 841 726 434 798 -1 -1 -1 0 Test12.txt 
309 9 2930 202 823 1929 -1 -1 -1 0 Test12.txt 
310 8 841 707 416 811 -1 -1 -1 0 Test12.txt 
310 9 2965 176 833 1945 -1 -1 -1 0 Test12.txt 
311 8 823 723 390 781 -1 -1 -1 0 Test12.txt 
311 9 2998 185 840 1932 -1 -1 -1 0 Test12.txt 
311 10 6 52 221 1858 -1 -1 -1 0 Test12.txt 
312 8 813 733 338 767 -1 -1 -1 0 Test12.txt 
312 9 3065 155 774 1958 -1 -1 -1 0 Test12.txt 
312 10 5 27 240 1985 -1 -1 -1 0 Test12.txt 
313 8 799 720 267 782 -1 -1 -1 0 Test12.txt 
313 9 3099 141 736 1971 -1 -1 -1 0 Test12.txt 
313 10 0 15 279 2137 -1 -1 -1 0 Test12.txt 
314 8 786 715 255 791 -1 -1 -1 0 Test12.txt 
314 9 3165 107 674 2040 -1 -1 -1 0 Test12.txt 
314 10 0 9 309 2150 -1 -1 -1 0 Test12.txt 
315 8 764 706 245 801 -1 -1 -1 0 Test12.txt 
315 9 3244 60 595 2056 -1 -1 -1 0 Test12.txt 
315 10 0 11 329 2148 -1 -1 -1 0 Test12.txt 
316 2 1554 959 110 410 -1 -1 -1 0 Test11.txt 
316 8 719 704 271 819 -1 -1 -1 0 Test12.txt 
316 9 3336 52 503 2075 -1 -1 -1 0 Test12.txt 
316 10 0 18 352 2141 -1 -1 -1 0 Test12.txt 
317 2 1556 972 120 391 -1 -1 -1 0 Test11.txt 
317 8 682 711 288 806 -1 -1 -1 0 Test12.txt 
317 9 3399 32 440 2058 -1 -1 -1 0 Test12.txt 
317 10 0 33 370 2126 -1 -1 -1 0 Test12.txt 
318 2 1557 981 121 383 -1 -1 -1 0 Test11.txt 
318 8 662 709 299 791 -1 -1 -1 0 Test12.txt 
318 9 3434 64 405 2052 -1 -1 -1 0 Test12.txt 
318 10 0 25 381 2134 -1 -1 -1 0 Test12.txt 
319 2 1560 983 119 378 -1 -1 -1 0 Test11.txt 
319 8 623 714 329 807 -1 -1 -1 0 Test12.txt 
319 9 3502 259 337 1861 -1 -1 -1 0 Test12.txt 
319 10 3 52 402 2107 -1 -1 -1 0 Test12.txt 
320 2 1568 979 112 378 -1 -1 -1 0 Test11.txt 
320 8 586 713 364 812 -1 -1 -1 0 Test12.txt 
320 9 3552 248 287 1868 -1 -1 -1 0 Test12.txt 
320 10 0 23 444 2111 -1 -1 -1 0 Test12.txt 
321 2 1577 974 110 378 -1 -1 -1 0 Test11.txt 
321 8 568 713 366 802 -1 -1 -1 0 Test12.txt 
321 9 3596 282 240 1842 -1 -1 -1 0 Test12.txt 
321 10 0 0 489 2129 -1 -1 -1 0 Test12.txt 
322 2 1580 968 113 388 -1 -1 -1 0 Test11.txt 
322 8 556 721 370 787 -1 -1 -1 0 Test12.txt 
322 9 3586 318 245 1817 -1 -1 -1 0 Test12.txt 
322 10 2 0 514 2152 -1 -1 -1 0 Test12.txt 
323 2 1586 967 121 390 -1 -1 -1 0 Test11.txt 
323 8 539 718 384 793 -1 -1 -1 0 Test12.txt 
323 9 3625 337 214 1808 -1 -1 -1 0 Test12.txt 
323 10 1 0 558 2146 -1 -1 -1 0 Test12.txt 
324 2 1594 970 124 379 -1 -1 -1 0 Test11.txt 
324 8 529 738 373 764 -1 -1 -1 0 Test12.txt 
324 10 0 19 601 2134 -1 -1 -1 0 Test12.txt 
325 2 1609 968 124 385 -1 -1 -1 0 Test11.txt 
325 8 531 722 321 786 -1 -1 -1 0 Test12.txt 
325 10 0 32 639 2102 -1 -1 -1 0 Test12.txt 
326 2 1614 968 125 390 -1 -1 -1 0 Test11.txt 
326 8 507 712 298 793 -1 -1 -1 0 Test12.txt 
326 10 0 21 664 2109 -1 -1 -1 0 Test12.txt 
327 2 1620 973 127 386 -1 -1 -1 0 Test11.txt 
327 8 488 701 295 809 -1 -1 -1 0 Test12.txt 
327 10 0 32 702 2096 -1 -1 -1 0 Test12.txt 
328 2 1633 978 118 375 -1 -1 -1 0 Test11.txt 
328 8 467 700 293 811 -1 -1 -1 0 Test12.txt 
328 10 0 62 756 2079 -1 -1 -1 0 Test12.txt 
329 2 1632 977 161 388 -1 -1 -1 0 Test11.txt 
329 10 2 94 750 2036 -1 -1 -1 0 Test12.txt 
330 2 1632 980 172 387 -1 -1 -1 0 Test11.txt 
330 10 20 126 792 2012 -1 -1 -1 0 Test12.txt 
331 2 1639 985 165 382 -1 -1 -1 0 Test11.txt 
331 10 46 149 804 1983 -1 -1 -1 0 Test12.txt 
332 2 1654 980 154 380 -1 -1 -1 0 Test11.txt 
332 10 51 216 824 1906 -1 -1 -1 0 Test12.txt 
333 2 1662 983 160 384 -1 -1 -1 0 Test11.txt 
333 10 46 244 833 1850 -1 -1 -1 0 Test12.txt 
334 2 1665 982 163 384 -1 -1 -1 0 Test11.txt 
334 10 99 259 772 1846 -1 -1 -1 0 Test12.txt 
335 2 1676 978 154 387 -1 -1 -1 0 Test11.txt 
335 10 136 269 722 1827 -1 -1 -1 0 Test12.txt 
336 2 1688 978 143 389 -1 -1 -1 0 Test11.txt 
336 10 159 276 686 1786 -1 -1 -1 0 Test12.txt 
337 2 1708 970 139 397 -1 -1 -1 0 Test11.txt 
337 10 207 273 639 1742 -1 -1 -1 0 Test12.txt 
338 2 1718 966 138 402 -1 -1 -1 0 Test11.txt 
338 10 323 272 530 1720 -1 -1 -1 0 Test12.txt 
339 2 1726 965 144 404 -1 -1 -1 0 Test11.txt 
339 8 180 717 329 785 -1 -1 -1 0 Test12.txt 
339 10 412 271 487 1710 -1 -1 -1 0 Test12.txt 
340 2 1728 967 153 395 -1 -1 -1 0 Test11.txt 
340 8 165 712 359 807 -1 -1 -1 0 Test12.txt 
340 10 439 271 501 1702 -1 -1 -1 0 Test12.txt 
341 2 1734 967 160 393 -1 -1 -1 0 Test11.txt 
341 8 142 708 364 804 -1 -1 -1 0 Test12.txt 
341 10 460 291 507 1669 -1 -1 -1 0 Test12.txt 
342 2 1738 966 159 387 -1 -1 -1 0 Test11.txt 
342 8 108 703 364 808 -1 -1 -1 0 Test12.txt 
342 10 456 336 546 1629 -1 -1 -1 0 Test12.txt 
343 2 1747 966 158 396 -1 -1 -1 0 Test11.txt 
343 8 69 710 356 799 -1 -1 -1 0 Test12.txt 
343 10 442 364 604 1598 -1 -1 -1 0 Test12.txt 
344 2 1757 969 160 399 -1 -1 -1 0 Test11.txt 
344 8 67 709 331 797 -1 -1 -1 0 Test12.txt 
344 10 464 383 709 1541 -1 -1 -1 0 Test12.txt 
345 2 1767 964 160 413 -1 -1 -1 0 Test11.txt 
345 8 53 700 318 815 -1 -1 -1 0 Test12.txt 
345 10 477 380 664 1514 -1 -1 -1 0 Test12.txt 
346 2 1772 963 158 417 -1 -1 -1 0 Test11.txt 
346 8 21 697 332 820 -1 -1 -1 0 Test12.txt 
346 10 488 408 646 1468 -1 -1 -1 0 Test12.txt 
347 2 1777 962 156 421 -1 -1 -1 0 Test11.txt 
347 8 14 704 325 820 -1 -1 -1 0 Test12.txt 
347 10 497 413 705 1492 -1 -1 -1 0 Test12.txt 
348 2 1780 964 153 421 -1 -1 -1 0 Test11.txt 
348 8 4 703 318 811 -1 -1 -1 0 Test12.txt 
348 10 518 440 669 1470 -1 -1 -1 0 Test12.txt 
349 2 1794 971 140 416 -1 -1 -1 0 Test11.txt 
349 8 1 708 304 800 -1 -1 -1 0 Test12.txt 
349 10 532 433 662 1459 -1 -1 -1 0 Test12.txt 
350 2 1803 971 133 415 -1 -1 -1 0 Test11.txt 
350 8 0 710 293 797 -1 -1 -1 0 Test12.txt 
350 10 570 442 644 1427 -1 -1 -1 0 Test12.txt 
351 2 1809 967 129 413 -1 -1 -1 0 Test11.txt 
351 8 0 713 284 794 -1 -1 -1 0 Test12.txt 
351 10 679 456 586 1379 -1 -1 -1 0 Test12.txt 
352 2 1814 961 129 411 -1 -1 -1 0 Test11.txt 
352 8 0 722 281 783 -1 -1 -1 0 Test12.txt 
352 10 738 460 560 1367 -1 -1 -1 0 Test12.txt 
353 2 1819 954 140 413 -1 -1 -1 0 Test11.txt 
353 8 0 717 281 793 -1 -1 -1 0 Test12.txt 
353 10 798 454 536 1367 -1 -1 -1 0 Test12.txt 
354 2 1825 949 141 419 -1 -1 -1 0 Test11.txt 
354 8 0 714 266 795 -1 -1 -1 0 Test12.txt 
354 10 922 479 447 1316 -1 -1 -1 0 Test12.txt 
355 2 1825 950 144 419 -1 -1 -1 0 Test11.txt 
355 8 0 707 245 795 -1 -1 -1 0 Test12.txt 
355 10 967 489 442 1322 -1 -1 -1 0 Test12.txt 
356 2 1827 958 154 410 -1 -1 -1 0 Test11.txt 
356 8 0 707 237 791 -1 -1 -1 0 Test12.txt 
356 10 975 483 501 1318 -1 -1 -1 0 Test12.txt 
357 2 1831 954 160 417 -1 -1 -1 0 Test11.txt 
357 8 0 702 226 792 -1 -1 -1 0 Test12.txt 
357 10 1000 493 501 1295 -1 -1 -1 0 Test12.txt 
358 2 1831 951 166 423 -1 -1 -1 0 Test11.txt 
358 8 0 705 224 788 -1 -1 -1 0 Test12.txt 
358 10 999 499 524 1270 -1 -1 -1 0 Test12.txt 
359 2 1839 953 163 427 -1 -1 -1 0 Test11.txt 
359 8 0 706 223 795 -1 -1 -1 0 Test12.txt 
359 10 1011 517 553 1250 -1 -1 -1 0 Test12.txt 
360 2 1844 955 160 425 -1 -1 -1 0 Test11.txt 
360 8 0 701 219 805 -1 -1 -1 0 Test12.txt 
360 10 985 534 615 1245 -1 -1 -1 0 Test12.txt 
361 2 1855 960 150 422 -1 -1 -1 0 Test11.txt 
361 8 0 705 216 803 -1 -1 -1 0 Test12.txt 
361 10 1005 568 603 1215 -1 -1 -1 0 Test12.txt 
362 2 1857 958 147 422 -1 -1 -1 0 Test11.txt 
362 8 0 699 207 812 -1 -1 -1 0 Test12.txt 
362 10 1050 582 569 1191 -1 -1 -1 0 Test12.txt 
363 2 1862 958 143 418 -1 -1 -1 0 Test11.txt 
363 8 1 712 191 787 -1 -1 -1 0 Test12.txt 
363 10 1083 573 550 1193 -1 -1 -1 0 Test12.txt 
364 2 1871 960 139 416 -1 -1 -1 0 Test11.txt 
364 8 0 711 185 787 -1 -1 -1 0 Test12.txt 
364 10 1125 575 516 1192 -1 -1 -1 0 Test12.txt 
365 2 1877 954 141 426 -1 -1 -1 0 Test11.txt 
365 8 0 712 174 787 -1 -1 -1 0 Test12.txt 
365 10 1200 582 465 1161 -1 -1 -1 0 Test12.txt 
366 2 1879 944 142 439 -1 -1 -1 0 Test11.txt 
366 8 0 713 167 788 -1 -1 -1 0 Test12.txt 
366 10 1296 576 363 1144 -1 -1 -1 0 Test12.txt 
367 2 1880 941 145 442 -1 -1 -1 0 Test11.txt 
367 8 0 713 157 791 -1 -1 -1 0 Test12.txt 
367 10 1345 571 322 1141 -1 -1 -1 0 Test12.txt 
368 2 1882 939 149 442 -1 -1 -1 0 Test11.txt 
368 8 0 712 153 791 -1 -1 -1 0 Test12.txt 
368 10 1377 564 329 1146 -1 -1 -1 0 Test12.txt 
369 2 1883 934 154 443 -1 -1 -1 0 Test11.txt 
369 8 0 719 152 775 -1 -1 -1 0 Test12.txt 
369 10 1422 580 304 1130 -1 -1 -1 0 Test12.txt 
370 2 1882 931 167 446 -1 -1 -1 0 Test11.txt 
370 8 0 720 158 772 -1 -1 -1 0 Test12.txt 
370 10 1438 602 323 1092 -1 -1 -1 0 Test12.txt 
371 2 1880 930 182 451 -1 -1 -1 0 Test11.txt 
371 8 0 720 165 766 -1 -1 -1 0 Test12.txt 
371 10 1434 596 377 1103 -1 -1 -1 0 Test12.txt 
372 2 1881 929 184 455 -1 -1 -1 0 Test11.txt 
372 8 0 722 173 762 -1 -1 -1 0 Test12.txt 
372 10 1448 614 480 1087 -1 -1 -1 0 Test12.txt 
373 2 1883 933 178 454 -1 -1 -1 0 Test11.txt 
373 8 0 726 180 766 -1 -1 -1 0 Test12.txt 
373 10 1437 612 522 1078 -1 -1 -1 0 Test12.txt 
374 2 1886 937 173 450 -1 -1 -1 0 Test11.txt 
374 8 0 727 189 769 -1 -1 -1 0 Test12.txt 
374 10 1440 616 545 1074 -1 -1 -1 0 Test12.txt 
375 2 1892 939 169 453 -1 -1 -1 0 Test11.txt 
375 8 0 729 196 761 -1 -1 -1 0 Test12.txt 
375 10 1448 636 576 1062 -1 -1 -1 0 Test12.txt 
376 2 1893 939 171 456 -1 -1 -1 0 Test11.txt 
376 8 0 717 197 774 -1 -1 -1 0 Test12.txt 
376 10 1461 650 572 1029 -1 -1 -1 0 Test12.txt 
377 2 1903 938 162 455 -1 -1 -1 0 Test11.txt 
377 8 0 716 204 778 -1 -1 -1 0 Test12.txt 
377 10 1466 648 568 1035 -1 -1 -1 0 Test12.txt 
378 2 1907 936 159 456 -1 -1 -1 0 Test11.txt 
378 8 0 715 209 775 -1 -1 -1 0 Test12.txt 
378 10 1485 656 538 1009 -1 -1 -1 0 Test12.txt 
379 2 1915 929 153 469 -1 -1 -1 0 Test11.txt 
379 8 0 715 216 774 -1 -1 -1 0 Test12.txt 
379 10 1541 650 488 1027 -1 -1 -1 0 Test12.txt 
380 2 1915 921 153 480 -1 -1 -1 0 Test11.txt 
380 8 0 715 222 778 -1 -1 -1 0 Test12.txt 
380 10 1623 643 423 1026 -1 -1 -1 0 Test12.txt 
381 2 1914 911 156 491 -1 -1 -1 0 Test11.txt 
381 8 0 713 225 776 -1 -1 -1 0 Test12.txt 
381 10 1696 639 346 1008 -1 -1 -1 0 Test12.txt 
382 2 1915 904 157 498 -1 -1 -1 0 Test11.txt 
382 8 0 717 235 769 -1 -1 -1 0 Test12.txt 
382 10 1753 635 333 1026 -1 -1 -1 0 Test12.txt 
383 2 1913 904 164 498 -1 -1 -1 0 Test11.txt 
383 8 0 728 249 748 -1 -1 -1 0 Test12.txt 
383 10 1818 651 299 1006 -1 -1 -1 0 Test12.txt 
384 2 1914 904 164 501 -1 -1 -1 0 Test11.txt 
384 8 0 728 256 748 -1 -1 -1 0 Test12.txt 
384 10 1830 664 313 990 -1 -1 -1 0 Test12.txt 
385 2 1912 907 165 499 -1 -1 -1 0 Test11.txt 
385 8 0 719 260 768 -1 -1 -1 0 Test12.txt 
385 10 1846 652 345 999 -1 -1 -1 0 Test12.txt 
386 2 1912 909 166 497 -1 -1 -1 0 Test11.txt 
386 8 0 718 263 767 -1 -1 -1 0 Test12.txt 
386 10 1857 664 362 987 -1 -1 -1 0 Test12.txt 
387 2 1912 910 167 499 -1 -1 -1 0 Test11.txt 
387 8 0 721 266 765 -1 -1 -1 0 Test12.txt 
387 10 1871 667 370 964 -1 -1 -1 0 Test12.txt 
388 2 1913 912 167 496 -1 -1 -1 0 Test11.txt 
388 8 0 723 271 766 -1 -1 -1 0 Test12.txt 
388 10 1881 702 392 929 -1 -1 -1 0 Test12.txt 
389 2 1911 927 182 482 -1 -1 -1 0 Test11.txt 
389 8 0 722 275 770 -1 -1 -1 0 Test12.txt 
389 10 1893 715 408 932 -1 -1 -1 0 Test12.txt 
390 2 1914 926 177 482 -1 -1 -1 0 Test11.txt 
390 8 0 721 279 772 -1 -1 -1 0 Test12.txt 
390 10 1890 729 424 920 -1 -1 -1 0 Test12.txt 
391 2 1919 914 163 494 -1 -1 -1 0 Test11.txt 
391 8 0 722 277 771 -1 -1 -1 0 Test12.txt 
391 10 1905 723 420 929 -1 -1 -1 0 Test12.txt 
392 2 1919 909 162 500 -1 -1 -1 0 Test11.txt 
392 8 0 723 276 770 -1 -1 -1 0 Test12.txt 
392 10 1951 717 380 929 -1 -1 -1 0 Test12.txt 
393 2 1922 919 174 486 -1 -1 -1 0 Test11.txt 
393 8 1 726 277 770 -1 -1 -1 0 Test12.txt 
393 10 2035 725 299 904 -1 -1 -1 0 Test12.txt 
394 2 1919 904 176 499 -1 -1 -1 0 Test11.txt 
394 8 2 727 286 783 -1 -1 -1 0 Test12.txt 
394 10 2068 724 274 900 -1 -1 -1 0 Test12.txt 
395 2 1920 898 176 504 -1 -1 -1 0 Test11.txt 
395 8 0 728 292 767 -1 -1 -1 0 Test12.txt 
395 10 2097 729 281 894 -1 -1 -1 0 Test12.txt 
396 2 1920 888 178 517 -1 -1 -1 0 Test11.txt 
396 8 0 726 293 774 -1 -1 -1 0 Test12.txt 
396 10 2123 727 268 891 -1 -1 -1 0 Test12.txt 
397 2 1921 877 179 532 -1 -1 -1 0 Test11.txt 
397 8 0 715 300 784 -1 -1 -1 0 Test12.txt 
397 10 2142 728 259 885 -1 -1 -1 0 Test12.txt 
398 2 1927 888 178 518 -1 -1 -1 0 Test11.txt 
398 8 1 706 307 809 -1 -1 -1 0 Test12.txt 
398 10 2160 732 265 882 -1 -1 -1 0 Test12.txt 
399 2 1929 888 177 519 -1 -1 -1 0 Test11.txt 
399 8 3 702 301 812 -1 -1 -1 0 Test12.txt 
399 10 2182 725 284 892 -1 -1 -1 0 Test12.txt 
400 2 1931 890 176 523 -1 -1 -1 0 Test11.txt 
400 8 4 698 299 819 -1 -1 -1 0 Test12.txt 
400 10 2171 740 358 868 -1 -1 -1 0 Test12.txt 
401 2 1927 893 189 520 -1 -1 -1 0 Test11.txt 
401 8 5 695 295 822 -1 -1 -1 0 Test12.txt 
401 10 2172 749 430 851 -1 -1 -1 0 Test12.txt 
402 2 1928 895 189 522 -1 -1 -1 0 Test11.txt 
402 8 4 695 298 823 -1 -1 -1 0 Test12.txt 
402 10 2179 763 433 836 -1 -1 -1 0 Test12.txt 
403 2 1930 898 189 525 -1 -1 -1 0 Test11.txt 
403 8 4 693 299 821 -1 -1 -1 0 Test12.txt 
403 10 2187 772 411 826 -1 -1 -1 0 Test12.txt 
404 2 1931 899 194 528 -1 -1 -1 0 Test11.txt 
404 8 4 693 294 824 -1 -1 -1 0 Test12.txt 
404 10 2197 777 402 818 -1 -1 -1 0 Test12.txt 
405 2 1936 877 189 555 -1 -1 -1 0 Test11.txt 
405 8 3 691 299 827 -1 -1 -1 0 Test12.txt 
405 10 2234 772 369 825 -1 -1 -1 0 Test12.txt 
406 2 1936 873 188 560 -1 -1 -1 0 Test11.txt 
406 8 4 692 298 826 -1 -1 -1 0 Test12.txt 
406 10 2261 765 342 821 -1 -1 -1 0 Test12.txt 
407 2 1940 865 183 571 -1 -1 -1 0 Test11.txt 
407 8 5 689 303 848 -1 -1 -1 0 Test12.txt 
407 10 2306 757 300 824 -1 -1 -1 0 Test12.txt 
408 2 1942 854 185 586 -1 -1 -1 0 Test11.txt 
408 8 5 694 317 838 -1 -1 -1 0 Test12.txt 
408 10 2339 756 287 821 -1 -1 -1 0 Test12.txt 
409 2 1943 855 188 577 -1 -1 -1 0 Test11.txt 
409 8 11 703 325 827 -1 -1 -1 0 Test12.txt 
409 10 2390 743 263 834 -1 -1 -1 0 Test12.txt 
410 2 1946 849 188 586 -1 -1 -1 0 Test11.txt 
410 8 15 711 324 829 -1 -1 -1 0 Test12.txt 
410 10 2415 744 269 833 -1 -1 -1 0 Test12.txt 
411 2 1946 847 190 596 -1 -1 -1 0 Test11.txt 
411 8 22 708 328 845 -1 -1 -1 0 Test12.txt 
411 10 2422 753 285 827 -1 -1 -1 0 Test12.txt 
412 2 1944 843 196 601 -1 -1 -1 0 Test11.txt 
412 8 34 698 322 856 -1 -1 -1 0 Test12.txt 
412 10 2434 759 305 804 -1 -1 -1 0 Test12.txt 
413 2 1943 844 200 611 -1 -1 -1 0 Test11.txt 
413 8 44 695 327 856 -1 -1 -1 0 Test12.txt 
413 10 2442 768 315 795 -1 -1 -1 0 Test12.txt 
414 2 1941 845 206 613 -1 -1 -1 0 Test11.txt 
414 8 39 690 350 857 -1 -1 -1 0 Test12.txt 
414 10 2458 774 323 791 -1 -1 -1 0 Test12.txt 
415 2 1944 846 206 615 -1 -1 -1 0 Test11.txt 
415 8 41 685 371 862 -1 -1 -1 0 Test12.txt 
415 10 2470 776 322 793 -1 -1 -1 0 Test12.txt 
416 2 1948 845 203 616 -1 -1 -1 0 Test11.txt 
416 8 52 679 374 868 -1 -1 -1 0 Test12.txt 
416 10 2483 781 332 789 -1 -1 -1 0 Test12.txt 
417 2 1953 843 200 618 -1 -1 -1 0 Test11.txt 
417 8 53 676 405 869 -1 -1 -1 0 Test12.txt 
417 10 2502 783 332 797 -1 -1 -1 0 Test12.txt 
418 2 1964 860 191 579 -1 -1 -1 0 Test11.txt 
418 8 71 674 401 878 -1 -1 -1 0 Test12.txt 
418 10 2520 785 321 794 -1 -1 -1 0 Test12.txt 
419 2 1970 859 187 580 -1 -1 -1 0 Test11.txt 
419 8 81 663 401 889 -1 -1 -1 0 Test12.txt 
419 10 2560 796 290 776 -1 -1 -1 0 Test12.txt 
420 2 1973 857 192 585 -1 -1 -1 0 Test11.txt 
420 8 93 656 397 898 -1 -1 -1 0 Test12.txt 
420 10 2583 782 260 779 -1 -1 -1 0 Test12.txt 
421 2 1974 835 204 627 -1 -1 -1 0 Test11.txt 
421 8 93 649 424 914 -1 -1 -1 0 Test12.txt 
421 10 2605 779 252 772 -1 -1 -1 0 Test12.txt 
422 2 1972 854 217 587 -1 -1 -1 0 Test11.txt 
422 8 113 644 414 923 -1 -1 -1 0 Test12.txt 
422 10 2626 780 244 768 -1 -1 -1 0 Test12.txt 
423 2 1973 853 221 591 -1 -1 -1 0 Test11.txt 
423 8 122 645 409 934 -1 -1 -1 0 Test12.txt 
423 10 2638 781 235 769 -1 -1 -1 0 Test12.txt 
424 2 1977 850 218 595 -1 -1 -1 0 Test11.txt 
424 8 132 650 404 927 -1 -1 -1 0 Test12.txt 
424 10 2645 787 242 764 -1 -1 -1 0 Test12.txt 
425 2 1978 843 221 599 -1 -1 -1 0 Test11.txt 
425 8 145 648 380 932 -1 -1 -1 0 Test12.txt 
425 10 2663 796 241 759 -1 -1 -1 0 Test12.txt 
426 2 1979 841 225 605 -1 -1 -1 0 Test11.txt 
426 8 165 648 353 946 -1 -1 -1 0 Test12.txt 
426 10 2675 806 253 755 -1 -1 -1 0 Test12.txt 
427 2 1979 841 231 608 -1 -1 -1 0 Test11.txt 
427 8 178 646 335 944 -1 -1 -1 0 Test12.txt 
427 10 2686 809 282 751 -1 -1 -1 0 Test12.txt 
428 2 1979 844 237 609 -1 -1 -1 0 Test11.txt 
428 8 194 641 333 963 -1 -1 -1 0 Test12.txt 
428 10 2687 816 302 745 -1 -1 -1 0 Test12.txt 
429 2 1984 847 235 609 -1 -1 -1 0 Test11.txt 
429 8 208 630 322 973 -1 -1 -1 0 Test12.txt 
429 10 2694 820 300 737 -1 -1 -1 0 Test12.txt 
430 2 1985 848 230 610 -1 -1 -1 0 Test11.txt 
430 8 221 620 327 974 -1 -1 -1 0 Test12.txt 
430 10 2697 844 304 697 -1 -1 -1 0 Test12.txt 
431 2 1987 848 228 611 -1 -1 -1 0 Test11.txt 
431 8 238 626 320 965 -1 -1 -1 0 Test12.txt 
431 10 2715 844 288 694 -1 -1 -1 0 Test12.txt 
432 2 1988 846 227 613 -1 -1 -1 0 Test11.txt 
432 8 260 620 305 965 -1 -1 -1 0 Test12.txt 
432 10 2735 838 283 699 -1 -1 -1 0 Test12.txt 
433 2 1986 841 227 623 -1 -1 -1 0 Test11.txt 
433 8 279 594 301 1023 -1 -1 -1 0 Test12.txt 
433 10 2752 818 284 715 -1 -1 -1 0 Test12.txt 
434 2 1986 838 231 627 -1 -1 -1 0 Test11.txt 
434 8 296 604 309 1001 -1 -1 -1 0 Test12.txt 
434 10 2785 804 268 720 -1 -1 -1 0 Test12.txt 
435 2 1983 833 235 631 -1 -1 -1 0 Test11.txt 
435 8 318 607 300 985 -1 -1 -1 0 Test12.txt 
435 10 2804 790 260 734 -1 -1 -1 0 Test12.txt 
436 2 1978 828 240 633 -1 -1 -1 0 Test11.txt 
436 8 332 602 310 1001 -1 -1 -1 0 Test12.txt 
436 10 2832 788 235 734 -1 -1 -1 0 Test12.txt 
437 2 1979 821 239 646 -1 -1 -1 0 Test11.txt 
437 8 335 601 340 1010 -1 -1 -1 0 Test12.txt 
437 10 2849 817 212 702 -1 -1 -1 0 Test12.txt 
438 2 1979 817 245 649 -1 -1 -1 0 Test11.txt 
438 8 325 598 395 1008 -1 -1 -1 0 Test12.txt 
438 10 2857 814 202 714 -1 -1 -1 0 Test12.txt 
439 2 1980 811 246 654 -1 -1 -1 0 Test11.txt 
439 8 324 593 446 1025 -1 -1 -1 0 Test12.txt 
439 10 2880 810 189 719 -1 -1 -1 0 Test12.txt 
440 2 1979 808 248 659 -1 -1 -1 0 Test11.txt 
440 6 2288 928 89 418 -1 -1 -1 0 Test11.txt 
440 8 314 586 464 1058 -1 -1 -1 0 Test12.txt 
440 10 2886 834 186 706 -1 -1 -1 0 Test12.txt 
441 2 1980 808 252 666 -1 -1 -1 0 Test11.txt 
441 6 2280 937 99 407 -1 -1 -1 0 Test11.txt 
441 8 326 594 448 1047 -1 -1 -1 0 Test12.txt 
441 10 2896 857 177 683 -1 -1 -1 0 Test12.txt 
442 2 1980 798 248 686 -1 -1 -1 0 Test11.txt 
442 6 2275 934 95 412 -1 -1 -1 0 Test11.txt 
442 8 335 610 461 1030 -1 -1 -1 0 Test12.txt 
442 10 2907 865 167 677 -1 -1 -1 0 Test12.txt 
443 2 1981 796 249 694 -1 -1 -1 0 Test11.txt 
443 6 2269 918 102 436 -1 -1 -1 0 Test11.txt 
443 8 345 610 456 1025 -1 -1 -1 0 Test12.txt 
443 10 2921 894 163 641 -1 -1 -1 0 Test12.txt 
444 2 1979 810 257 670 -1 -1 -1 0 Test11.txt 
444 6 2265 922 115 429 -1 -1 -1 0 Test11.txt 
444 8 374 607 454 1024 -1 -1 -1 0 Test12.txt 
444 10 2944 915 154 610 -1 -1 -1 0 Test12.txt 
445 2 1987 803 251 683 -1 -1 -1 0 Test11.txt 
445 6 2260 924 117 429 -1 -1 -1 0 Test11.txt 
445 8 399 606 449 1020 -1 -1 -1 0 Test12.txt 
445 10 2960 925 147 598 -1 -1 -1 0 Test12.txt 
446 2 1988 795 249 691 -1 -1 -1 0 Test11.txt 
446 6 2256 925 119 428 -1 -1 -1 0 Test11.txt 
446 8 446 589 451 1038 -1 -1 -1 0 Test12.txt 
447 2 1988 788 249 697 -1 -1 -1 0 Test11.txt 
447 6 2244 929 125 413 -1 -1 -1 0 Test11.txt 
447 8 515 592 422 1036 -1 -1 -1 0 Test12.txt 
448 2 1988 782 249 704 -1 -1 -1 0 Test11.txt 
448 6 2234 931 124 394 -1 -1 -1 0 Test11.txt 
448 8 566 589 398 1053 -1 -1 -1 0 Test12.txt 
449 2 1989 766 259 724 -1 -1 -1 0 Test11.txt 
449 6 2220 931 127 403 -1 -1 -1 0 Test11.txt 
449 8 586 578 418 1053 -1 -1 -1 0 Test12.txt 
450 2 1988 762 264 730 -1 -1 -1 0 Test11.txt 
450 6 2218 940 124 407 -1 -1 -1 0 Test11.txt 
450 8 610 574 409 1082 -1 -1 -1 0 Test12.txt 
451 2 1988 757 265 736 -1 -1 -1 0 Test11.txt 
451 6 2217 939 120 395 -1 -1 -1 0 Test11.txt 
451 8 633 583 408 1075 -1 -1 -1 0 Test12.txt 
452 2 1985 755 276 739 -1 -1 -1 0 Test11.txt 
452 6 2212 940 119 393 -1 -1 -1 0 Test11.txt 
452 8 655 580 411 1096 -1 -1 -1 0 Test12.txt 
453 2 1987 753 302 748 -1 -1 -1 0 Test11.txt 
453 8 658 606 447 1035 -1 -1 -1 0 Test12.txt 
454 2 1989 749 296 763 -1 -1 -1 0 Test11.txt 
454 8 656 581 483 1083 -1 -1 -1 0 Test12.txt 
455 2 1991 749 298 763 -1 -1 -1 0 Test11.txt 
455 8 673 584 474 1083 -1 -1 -1 0 Test12.txt 
456 2 1993 748 302 770 -1 -1 -1 0 Test11.txt 
456 8 683 575 471 1094 -1 -1 -1 0 Test12.txt 
457 2 2000 745 297 774 -1 -1 -1 0 Test11.txt 
457 8 693 585 474 1078 -1 -1 -1 0 Test12.txt 
458 2 2001 730 294 803 -1 -1 -1 0 Test11.txt 
458 8 718 569 460 1093 -1 -1 -1 0 Test12.txt 
459 2 2004 721 293 816 -1 -1 -1 0 Test11.txt 
459 8 759 538 413 1144 -1 -1 -1 0 Test12.txt 
460 2 2007 713 290 821 -1 -1 -1 0 Test11.txt 
460 8 829 542 349 1137 -1 -1 -1 0 Test12.txt 
461 2 2019 707 283 823 -1 -1 -1 0 Test11.txt 
461 8 871 517 312 1164 -1 -1 -1 0 Test12.txt 
462 2 2023 701 278 830 -1 -1 -1 0 Test11.txt 
462 8 939 531 278 1142 -1 -1 -1 0 Test12.txt 
463 2 2023 687 281 845 -1 -1 -1 0 Test11.txt 
463 8 973 538 300 1143 -1 -1 -1 0 Test12.txt 
464 2 2022 676 285 865 -1 -1 -1 0 Test11.txt 
464 8 987 525 321 1153 -1 -1 -1 0 Test12.txt 
465 2 2022 673 291 870 -1 -1 -1 0 Test11.txt 
465 8 999 529 342 1146 -1 -1 -1 0 Test12.txt 
466 2 2023 668 297 879 -1 -1 -1 0 Test11.txt 
466 8 994 555 402 1118 -1 -1 -1 0 Test12.txt 
467 2 2023 663 308 891 -1 -1 -1 0 Test11.txt 
467 8 995 548 498 1125 -1 -1 -1 0 Test12.txt 
468 2 2024 661 320 897 -1 -1 -1 0 Test11.txt 
468 8 999 535 604 1159 -1 -1 -1 0 Test12.txt 
469 2 2023 666 336 892 -1 -1 -1 0 Test11.txt 
469 8 965 537 649 1163 -1 -1 -1 0 Test12.txt 
470 2 2022 669 339 894 -1 -1 -1 0 Test11.txt 
470 8 1009 546 627 1151 -1 -1 -1 0 Test12.txt 
471 2 2020 665 346 903 -1 -1 -1 0 Test11.txt 
471 8 1029 576 632 1104 -1 -1 -1 0 Test12.txt 
472 2 2039 655 331 922 -1 -1 -1 0 Test11.txt 
472 8 1033 536 647 1172 -1 -1 -1 0 Test12.txt 
473 2 2067 641 313 936 -1 -1 -1 0 Test11.txt 
473 8 1061 537 583 1170 -1 -1 -1 0 Test12.txt 
474 2 2068 634 322 937 -1 -1 -1 0 Test11.txt 
474 8 1141 553 516 1129 -1 -1 -1 0 Test12.txt 
475 2 2067 627 340 953 -1 -1 -1 0 Test11.txt 
475 7 1979 900 144 474 -1 -1 -1 0 Test11.txt 
475 8 1185 545 505 1121 -1 -1 -1 0 Test12.txt 
476 2 2076 618 340 940 -1 -1 -1 0 Test11.txt 
476 7 1975 908 127 463 -1 -1 -1 0 Test11.txt 
476 8 1275 522 432 1149 -1 -1 -1 0 Test12.txt 
477 2 2088 587 345 999 -1 -1 -1 0 Test11.txt 
477 7 1967 910 139 451 -1 -1 -1 0 Test11.txt 
477 8 1382 528 385 1149 -1 -1 -1 0 Test12.txt 
478 2 2092 574 349 1015 -1 -1 -1 0 Test11.txt 
478 7 1962 903 141 460 -1 -1 -1 0 Test11.txt 
478 8 1455 530 350 1143 -1 -1 -1 0 Test12.txt 
479 2 2090 567 361 1033 -1 -1 -1 0 Test11.txt 
479 7 1953 900 149 466 -1 -1 -1 0 Test11.txt 
479 8 1487 537 364 1143 -1 -1 -1 0 Test12.txt 
480 2 2091 558 366 1064 -1 -1 -1 0 Test11.txt 
480 7 1946 897 156 477 -1 -1 -1 0 Test11.txt 
480 8 1484 539 398 1141 -1 -1 -1 0 Test12.txt 
481 2 2093 544 375 1098 -1 -1 -1 0 Test11.txt 
481 7 1933 904 154 478 -1 -1 -1 0 Test11.txt 
481 8 1476 547 455 1138 -1 -1 -1 0 Test12.txt 
482 2 2093 559 381 1087 -1 -1 -1 0 Test11.txt 
482 7 1920 902 162 483 -1 -1 -1 0 Test11.txt 
482 8 1459 542 542 1140 -1 -1 -1 0 Test12.txt 
483 2 2093 563 385 1093 -1 -1 -1 0 Test11.txt 
483 7 1903 905 177 479 -1 -1 -1 0 Test11.txt 
483 8 1441 548 586 1137 -1 -1 -1 0 Test12.txt 
484 2 2093 565 390 1097 -1 -1 -1 0 Test11.txt 
484 7 1894 904 179 482 -1 -1 -1 0 Test11.txt 
484 8 1443 565 596 1124 -1 -1 -1 0 Test12.txt 
485 2 2097 569 400 1093 -1 -1 -1 0 Test11.txt 
485 7 1889 909 175 481 -1 -1 -1 0 Test11.txt 
485 8 1463 571 609 1112 -1 -1 -1 0 Test12.txt 
486 2 2097 559 405 1124 -1 -1 -1 0 Test11.txt 
486 7 1882 907 175 477 -1 -1 -1 0 Test11.txt 
486 8 1512 572 616 1118 -1 -1 -1 0 Test12.txt 
487 2 2100 543 407 1147 -1 -1 -1 0 Test11.txt 
487 7 1867 906 182 486 -1 -1 -1 0 Test11.txt 
487 8 1548 562 564 1129 -1 -1 -1 0 Test12.txt 
488 2 2110 522 396 1187 -1 -1 -1 0 Test11.txt 
488 7 1866 899 176 492 -1 -1 -1 0 Test11.txt 
488 8 1628 554 491 1134 -1 -1 -1 0 Test12.txt 
489 2 2111 482 404 1214 -1 -1 -1 0 Test11.txt 
489 7 1858 879 178 511 -1 -1 -1 0 Test11.txt 
489 8 1679 553 441 1123 -1 -1 -1 0 Test12.txt 
490 2 2112 476 408 1213 -1 -1 -1 0 Test11.txt 
490 7 1853 873 181 514 -1 -1 -1 0 Test11.txt 
490 8 1791 549 337 1124 -1 -1 -1 0 Test12.txt 
491 2 2108 455 417 1221 -1 -1 -1 0 Test11.txt 
491 7 1844 888 180 498 -1 -1 -1 0 Test11.txt 
491 8 1822 551 325 1120 -1 -1 -1 0 Test12.txt 
492 2 2103 444 428 1236 -1 -1 -1 0 Test11.txt 
492 7 1835 890 186 496 -1 -1 -1 0 Test11.txt 
492 8 1898 539 303 1147 -1 -1 -1 0 Test12.txt 
493 2 2100 431 440 1267 -1 -1 -1 0 Test11.txt 
493 7 1822 887 187 500 -1 -1 -1 0 Test11.txt 
493 8 1926 533 326 1156 -1 -1 -1 0 Test12.txt 
494 2 2088 434 457 1281 -1 -1 -1 0 Test11.txt 
494 7 1812 888 198 495 -1 -1 -1 0 Test11.txt 
494 8 1943 540 357 1141 -1 -1 -1 0 Test12.txt 
495 2 2083 436 466 1296 -1 -1 -1 0 Test11.txt 
495 7 1809 891 195 495 -1 -1 -1 0 Test11.txt 
495 8 1952 559 406 1128 -1 -1 -1 0 Test12.txt 
496 2 2090 441 468 1250 -1 -1 -1 0 Test11.txt 
496 7 1802 887 195 502 -1 -1 -1 0 Test11.txt 
496 8 1956 573 498 1118 -1 -1 -1 0 Test12.txt 
497 2 2085 429 476 1276 -1 -1 -1 0 Test11.txt 
497 7 1790 894 200 501 -1 -1 -1 0 Test11.txt 
497 8 1957 558 534 1124 -1 -1 -1 0 Test12.txt 
498 2 2078 428 481 1304 -1 -1 -1 0 Test11.txt 
498 7 1788 893 197 510 -1 -1 -1 0 Test11.txt 
498 8 1983 583 512 1108 -1 -1 -1 0 Test12.txt 
499 2 2084 422 479 1330 -1 -1 -1 0 Test11.txt 
499 7 1792 881 183 527 -1 -1 -1 0 Test11.txt 
499 8 1989 567 560 1122 -1 -1 -1 0 Test12.txt 
500 2 2086 401 483 1347 -1 -1 -1 0 Test11.txt 
500 7 1790 882 178 524 -1 -1 -1 0 Test11.txt 
500 8 2002 573 582 1100 -1 -1 -1 0 Test12.txt 
501 2 2106 373 481 1380 -1 -1 -1 0 Test11.txt 
501 7 1771 883 186 522 -1 -1 -1 0 Test11.txt 
501 8 2042 574 530 1087 -1 -1 -1 0 Test12.txt 
502 2 2116 361 485 1398 -1 -1 -1 0 Test11.txt 
502 7 1768 877 188 525 -1 -1 -1 0 Test11.txt 
502 8 2094 583 472 1065 -1 -1 -1 0 Test12.txt 
503 2 2127 339 487 1421 -1 -1 -1 0 Test11.txt 
503 7 1766 865 180 532 -1 -1 -1 0 Test11.txt 
503 8 2169 563 389 1076 -1 -1 -1 0 Test12.txt 
504 2 2141 324 489 1436 -1 -1 -1 0 Test11.txt 
504 7 1763 868 185 526 -1 -1 -1 0 Test11.txt 
504 8 2245 555 331 1108 -1 -1 -1 0 Test12.txt 
505 2 2159 281 498 1490 -1 -1 -1 0 Test11.txt 
505 7 1752 858 184 528 -1 -1 -1 0 Test11.txt 
505 8 2313 547 289 1136 -1 -1 -1 0 Test12.txt 
506 2 2170 258 504 1529 -1 -1 -1 0 Test11.txt 
506 7 1745 853 183 528 -1 -1 -1 0 Test11.txt 
506 8 2341 555 292 1118 -1 -1 -1 0 Test12.txt 
507 2 2165 246 529 1574 -1 -1 -1 0 Test11.txt 
507 7 1741 850 183 537 -1 -1 -1 0 Test11.txt 
507 8 2350 528 317 1151 -1 -1 -1 0 Test12.txt 
508 2 2162 240 556 1599 -1 -1 -1 0 Test11.txt 
508 7 1735 851 186 542 -1 -1 -1 0 Test11.txt 
508 8 2391 546 319 1131 -1 -1 -1 0 Test12.txt 
509 2 2163 239 583 1615 -1 -1 -1 0 Test11.txt 
509 7 1724 848 189 555 -1 -1 -1 0 Test11.txt 
509 8 2388 564 390 1117 -1 -1 -1 0 Test12.txt 
510 2 2164 236 604 1632 -1 -1 -1 0 Test11.txt 
510 7 1719 842 193 561 -1 -1 -1 0 Test11.txt 
510 8 2396 566 502 1121 -1 -1 -1 0 Test12.txt 
511 2 2172 239 603 1661 -1 -1 -1 0 Test11.txt 
511 7 1709 849 198 563 -1 -1 -1 0 Test11.txt 
511 8 2395 567 576 1099 -1 -1 -1 0 Test12.txt 
512 2 2172 236 616 1677 -1 -1 -1 0 Test11.txt 
512 7 1699 856 203 554 -1 -1 -1 0 Test11.txt 
512 8 2415 578 561 1084 -1 -1 -1 0 Test12.txt 
513 2 2162 226 664 1725 -1 -1 -1 0 Test11.txt 
513 7 1685 858 203 555 -1 -1 -1 0 Test11.txt 
513 8 2403 591 589 1075 -1 -1 -1 0 Test12.txt 
514 2 2161 191 657 1748 -1 -1 -1 0 Test11.txt 
514 7 1681 854 198 554 -1 -1 -1 0 Test11.txt 
514 8 2404 599 607 1067 -1 -1 -1 0 Test12.txt 
515 2 2167 163 652 1780 -1 -1 -1 0 Test11.txt 
515 7 1676 847 196 554 -1 -1 -1 0 Test11.txt 
515 8 2410 592 592 1076 -1 -1 -1 0 Test12.txt 
516 2 2173 138 645 1808 -1 -1 -1 0 Test11.txt 
516 7 1671 849 196 554 -1 -1 -1 0 Test11.txt 
516 8 2502 591 491 1062 -1 -1 -1 0 Test12.txt 
517 2 2180 81 636 1867 -1 -1 -1 0 Test11.txt 
517 7 1659 836 202 573 -1 -1 -1 0 Test11.txt 
517 8 2573 578 435 1080 -1 -1 -1 0 Test12.txt 
518 2 2184 60 623 1873 -1 -1 -1 0 Test11.txt 
518 7 1645 837 209 575 -1 -1 -1 0 Test11.txt 
518 8 2664 561 345 1089 -1 -1 -1 0 Test12.txt 
519 2 2188 43 626 1881 -1 -1 -1 0 Test11.txt 
519 7 1637 841 207 572 -1 -1 -1 0 Test11.txt 
519 8 2694 575 351 1078 -1 -1 -1 0 Test12.txt 
520 2 2189 36 638 1901 -1 -1 -1 0 Test11.txt 
520 7 1632 832 205 583 -1 -1 -1 0 Test11.txt 
520 8 2718 576 340 1099 -1 -1 -1 0 Test12.txt 
521 2 2200 13 637 1960 -1 -1 -1 0 Test11.txt 
521 7 1622 824 207 596 -1 -1 -1 0 Test11.txt 
521 8 2745 588 314 1071 -1 -1 -1 0 Test12.txt 
522 2 2209 17 620 1993 -1 -1 -1 0 Test11.txt 
522 7 1609 822 215 587 -1 -1 -1 0 Test11.txt 
522 8 2777 596 285 1062 -1 -1 -1 0 Test12.txt 
523 2 2220 24 627 2019 -1 -1 -1 0 Test11.txt 
523 7 1604 822 219 590 -1 -1 -1 0 Test11.txt 
523 8 2782 578 293 1100 -1 -1 -1 0 Test12.txt 
524 2 2236 6 636 2067 -1 -1 -1 0 Test11.txt 
524 7 1600 826 223 588 -1 -1 -1 0 Test11.txt 
524 8 2801 584 273 1091 -1 -1 -1 0 Test12.txt 
525 2 2256 7 684 2084 -1 -1 -1 0 Test11.txt 
525 7 1593 829 225 596 -1 -1 -1 0 Test11.txt 
525 8 2816 587 293 1102 -1 -1 -1 0 Test12.txt 
526 2 2271 26 676 2059 -1 -1 -1 0 Test11.txt 
526 7 1588 828 230 600 -1 -1 -1 0 Test11.txt 
526 8 2855 656 274 1023 -1 -1 -1 0 Test12.txt 
527 2 2281 39 666 2040 -1 -1 -1 0 Test11.txt 
527 7 1582 828 237 609 -1 -1 -1 0 Test11.txt 
527 8 2869 721 311 942 -1 -1 -1 0 Test12.txt 
528 2 2306 32 660 2051 -1 -1 -1 0 Test11.txt 
528 7 1584 828 232 603 -1 -1 -1 0 Test11.txt 
529 2 2330 34 710 2041 -1 -1 -1 0 Test11.txt 
529 7 1574 824 238 598 -1 -1 -1 0 Test11.txt 
530 2 2351 39 730 2038 -1 -1 -1 0 Test11.txt 
530 7 1568 822 237 594 -1 -1 -1 0 Test11.txt 
531 2 2371 48 753 2040 -1 -1 -1 0 Test11.txt 
531 7 1562 815 233 604 -1 -1 -1 0 Test11.txt 
532 2 2386 47 819 2029 -1 -1 -1 0 Test11.txt 
532 7 1555 810 227 613 -1 -1 -1 0 Test11.txt 
533 2 2409 30 912 2091 -1 -1 -1 0 Test11.txt 
533 7 1552 801 217 631 -1 -1 -1 0 Test11.txt 
534 2 2410 47 997 2050 -1 -1 -1 0 Test11.txt 
534 7 1546 794 217 644 -1 -1 -1 0 Test11.txt 
535 2 2398 39 1087 2070 -1 -1 -1 0 Test11.txt 
535 7 1542 792 219 649 -1 -1 -1 0 Test11.txt 
536 2 2392 33 1172 2053 -1 -1 -1 0 Test11.txt 
536 7 1538 789 218 653 -1 -1 -1 0 Test11.txt 
537 2 2423 50 1261 2054 -1 -1 -1 0 Test11.txt 
537 7 1525 790 217 659 -1 -1 -1 0 Test11.txt 
538 2 2446 57 1353 2053 -1 -1 -1 0 Test11.txt 
538 7 1515 794 219 648 -1 -1 -1 0 Test11.txt 
539 2 2460 50 1357 2074 -1 -1 -1 0 Test11.txt 
539 7 1510 796 217 646 -1 -1 -1 0 Test11.txt 
540 2 2472 63 1365 2045 -1 -1 -1 0 Test11.txt 
540 7 1498 800 225 642 -1 -1 -1 0 Test11.txt 
541 2 2533 34 1306 2082 -1 -1 -1 0 Test11.txt 
541 7 1477 795 225 645 -1 -1 -1 0 Test11.txt 
542 2 2568 29 1248 2080 -1 -1 -1 0 Test11.txt 
542 7 1473 791 215 652 -1 -1 -1 0 Test11.txt 
543 2 2582 42 1230 2060 -1 -1 -1 0 Test11.txt 
543 7 1460 796 222 647 -1 -1 -1 0 Test11.txt 
544 2 2622 46 1183 2047 -1 -1 -1 0 Test11.txt 
544 7 1450 787 225 670 -1 -1 -1 0 Test11.txt 
545 2 2746 53 1090 2035 -1 -1 -1 0 Test11.txt 
545 7 1440 787 226 677 -1 -1 -1 0 Test11.txt 
546 2 2758 26 1077 2070 -1 -1 -1 0 Test11.txt 
546 7 1433 794 227 672 -1 -1 -1 0 Test11.txt 
547 2 2783 1 1048 2093 -1 -1 -1 0 Test11.txt 
547 7 1431 791 225 671 -1 -1 -1 0 Test11.txt 
548 2 2834 13 997 2077 -1 -1 -1 0 Test11.txt 
548 7 1429 786 225 669 -1 -1 -1 0 Test11.txt 
549 2 2935 9 904 2067 -1 -1 -1 0 Test11.txt 
549 7 1414 765 217 692 -1 -1 -1 0 Test11.txt 
550 2 2969 0 856 2070 -1 -1 -1 0 Test11.txt 
550 7 1416 760 209 702 -1 -1 -1 0 Test11.txt 
551 2 2922 18 911 2050 -1 -1 -1 0 Test11.txt 
551 7 1418 755 203 708 -1 -1 -1 0 Test11.txt 
552 2 2957 28 879 2045 -1 -1 -1 0 Test11.txt 
552 7 1418 756 197 696 -1 -1 -1 0 Test11.txt 
553 2 3192 23 645 2076 -1 -1 -1 0 Test11.txt 
553 7 1425 758 172 692 -1 -1 -1 0 Test11.txt 
554 2 3258 22 580 2083 -1 -1 -1 0 Test11.txt 
554 7 1424 762 157 690 -1 -1 -1 0 Test11.txt 
555 2 3347 45 490 2076 -1 -1 -1 0 Test11.txt 
555 7 1422 771 147 677 -1 -1 -1 0 Test11.txt 
556 2 3410 49 429 2080 -1 -1 -1 0 Test11.txt 
556 7 1422 827 134 621 -1 -1 -1 0 Test11.txt 
557 7 1426 861 130 578 -1 -1 -1 0 Test11.txt 
558 7 1425 859 128 583 -1 -1 -1 0 Test11.txt 
616 7 1424 820 103 374 -1 -1 -1 0 Test11.txt 
617 7 1431 835 122 502 -1 -1 -1 0 Test11.txt 
618 7 1433 843 145 534 -1 -1 -1 0 Test11.txt 
619 7 1432 829 205 577 -1 -1 -1 0 Test11.txt 
620 7 1433 824 226 578 -1 -1 -1 0 Test11.txt 
621 7 1471 836 258 597 -1 -1 -1 0 Test11.txt 
622 7 1525 828 244 619 -1 -1 -1 0 Test11.txt 
623 7 1560 838 248 606 -1 -1 -1 0 Test11.txt 
624 7 1581 844 256 607 -1 -1 -1 0 Test11.txt 
625 7 1606 836 264 607 -1 -1 -1 0 Test11.txt 
625 8 2897 735 309 924 -1 -1 -1 0 Test12.txt 
626 7 1623 835 273 605 -1 -1 -1 0 Test11.txt 
626 12 2786 698 263 807 -1 -1 -1 0 Test12.txt 
627 7 1667 841 264 583 -1 -1 -1 0 Test11.txt 
627 8 2710 705 333 852 -1 -1 -1 0 Test12.txt 
627 12 2765 693 293 901 -1 -1 -1 0 Test12.txt 
628 7 1690 847 266 556 -1 -1 -1 0 Test11.txt 
628 8 2628 698 305 906 -1 -1 -1 0 Test12.txt 
629 7 1795 863 219 537 -1 -1 -1 0 Test11.txt 
629 8 2561 702 286 908 -1 -1 -1 0 Test12.txt 
630 7 1835 870 194 500 -1 -1 -1 0 Test11.txt 
630 8 2454 707 384 886 -1 -1 -1 0 Test12.txt 
631 7 1870 864 212 517 -1 -1 -1 0 Test11.txt 
631 8 2355 712 449 882 -1 -1 -1 0 Test12.txt 
632 7 1889 862 214 542 -1 -1 -1 0 Test11.txt 
632 8 2287 703 485 877 -1 -1 -1 0 Test12.txt 
633 7 1890 852 260 552 -1 -1 -1 0 Test11.txt 
633 8 2202 689 519 859 -1 -1 -1 0 Test12.txt 
634 7 1920 849 262 525 -1 -1 -1 0 Test11.txt 
634 8 2104 685 544 827 -1 -1 -1 0 Test12.txt 
635 7 1975 855 243 511 -1 -1 -1 0 Test11.txt 
635 8 2026 679 521 890 -1 -1 -1 0 Test12.txt 
636 7 2024 863 214 511 -1 -1 -1 0 Test11.txt 
636 8 1978 696 258 867 -1 -1 -1 0 Test12.txt 
637 7 2079 874 203 524 -1 -1 -1 0 Test11.txt 
637 8 1888 701 281 869 -1 -1 -1 0 Test12.txt 
638 7 2104 867 196 520 -1 -1 -1 0 Test11.txt 
638 8 1786 683 351 882 -1 -1 -1 0 Test12.txt 
639 7 2106 870 216 521 -1 -1 -1 0 Test11.txt 
639 8 1682 670 435 879 -1 -1 -1 0 Test12.txt 
640 7 2130 863 212 525 -1 -1 -1 0 Test11.txt 
640 8 1608 674 458 839 -1 -1 -1 0 Test12.txt 
641 7 2177 852 202 517 -1 -1 -1 0 Test11.txt 
641 8 1460 644 587 851 -1 -1 -1 0 Test12.txt 
642 7 2195 864 187 484 -1 -1 -1 0 Test11.txt 
642 8 1406 660 532 831 -1 -1 -1 0 Test12.txt 
643 7 2223 872 154 457 -1 -1 -1 0 Test11.txt 
643 8 1287 676 563 852 -1 -1 -1 0 Test12.txt 
644 7 2245 876 123 426 -1 -1 -1 0 Test11.txt 
644 8 1256 681 373 871 -1 -1 -1 0 Test12.txt 
645 8 1218 703 363 845 -1 -1 -1 0 Test12.txt 
646 8 1178 710 298 844 -1 -1 -1 0 Test12.txt 
647 8 1106 692 292 856 -1 -1 -1 0 Test12.txt 
648 8 1022 690 333 846 -1 -1 -1 0 Test12.txt 
649 8 959 685 376 834 -1 -1 -1 0 Test12.txt 
650 8 842 680 454 829 -1 -1 -1 0 Test12.txt 
651 8 774 681 463 834 -1 -1 -1 0 Test12.txt 
652 8 718 701 445 814 -1 -1 -1 0 Test12.txt 
653 8 683 723 394 819 -1 -1 -1 0 Test12.txt 
654 8 654 723 327 807 -1 -1 -1 0 Test12.txt 
655 8 627 718 296 808 -1 -1 -1 0 Test12.txt 
656 8 580 706 274 789 -1 -1 -1 0 Test12.txt 
657 8 497 699 319 803 -1 -1 -1 0 Test12.txt 
658 8 446 687 339 820 -1 -1 -1 0 Test12.txt 
659 8 376 697 370 808 -1 -1 -1 0 Test12.txt 
660 8 308 697 405 827 -1 -1 -1 0 Test12.txt 
661 8 278 716 389 808 -1 -1 -1 0 Test12.txt 
662 8 240 720 388 809 -1 -1 -1 0 Test12.txt 
663 8 197 715 359 800 -1 -1 -1 0 Test12.txt 
664 8 163 717 366 795 -1 -1 -1 0 Test12.txt 
665 8 115 700 400 799 -1 -1 -1 0 Test12.txt 
666 8 75 712 419 781 -1 -1 -1 0 Test12.txt 
667 8 57 720 433 785 -1 -1 -1 0 Test12.txt 
668 8 29 725 432 797 -1 -1 -1 0 Test12.txt 
669 8 0 734 413 793 -1 -1 -1 0 Test12.txt 
670 8 5 737 390 783 -1 -1 -1 0 Test12.txt 
671 8 2 739 359 771 -1 -1 -1 0 Test12.txt 
672 8 0 728 355 770 -1 -1 -1 0 Test12.txt 
673 8 0 714 341 778 -1 -1 -1 0 Test12.txt 
674 8 1 705 325 783 -1 -1 -1 0 Test12.txt 
675 8 0 706 329 783 -1 -1 -1 0 Test12.txt 
676 8 0 711 323 780 -1 -1 -1 0 Test12.txt 
677 8 0 718 306 774 -1 -1 -1 0 Test12.txt 
678 8 0 724 299 771 -1 -1 -1 0 Test12.txt 
679 8 0 731 272 761 -1 -1 -1 0 Test12.txt 
680 8 0 733 265 764 -1 -1 -1 0 Test12.txt 
681 8 0 733 245 759 -1 -1 -1 0 Test12.txt 
682 8 0 737 232 755 -1 -1 -1 0 Test12.txt 
683 8 0 759 216 730 -1 -1 -1 0 Test12.txt 
684 8 0 766 216 723 -1 -1 -1 0 Test12.txt 
685 8 0 765 206 720 -1 -1 -1 0 Test12.txt 
686 8 0 765 188 705 -1 -1 -1 0 Test12.txt 
687 8 0 758 180 706 -1 -1 -1 0 Test12.txt 
688 8 0 748 176 719 -1 -1 -1 0 Test12.txt 
689 8 0 752 164 702 -1 -1 -1 0 Test12.txt 
690 8 0 746 156 707 -1 -1 -1 0 Test12.txt 
691 8 0 782 178 641 -1 -1 -1 0 Test12.txt 
692 8 0 756 173 685 -1 -1 -1 0 Test12.txt 
693 8 0 756 173 688 -1 -1 -1 0 Test12.txt 
694 8 0 757 172 692 -1 -1 -1 0 Test12.txt 
695 8 0 753 174 698 -1 -1 -1 0 Test12.txt 
696 8 0 750 182 701 -1 -1 -1 0 Test12.txt 
697 8 0 754 184 687 -1 -1 -1 0 Test12.txt 
698 8 0 749 226 694 -1 -1 -1 0 Test12.txt 
699 8 0 753 236 695 -1 -1 -1 0 Test12.txt 
700 8 0 760 245 686 -1 -1 -1 0 Test12.txt 
701 8 0 759 250 685 -1 -1 -1 0 Test12.txt 
702 8 0 761 253 684 -1 -1 -1 0 Test12.txt 
703 8 1 765 245 684 -1 -1 -1 0 Test12.txt 
704 8 0 768 259 683 -1 -1 -1 0 Test12.txt 
705 8 0 765 267 687 -1 -1 -1 0 Test12.txt 
706 8 0 765 265 686 -1 -1 -1 0 Test12.txt 
707 8 0 765 265 684 -1 -1 -1 0 Test12.txt 
708 8 1 765 259 682 -1 -1 -1 0 Test12.txt 
709 8 0 764 269 681 -1 -1 -1 0 Test12.txt 
710 8 0 762 270 681 -1 -1 -1 0 Test12.txt 
711 8 0 763 265 684 -1 -1 -1 0 Test12.txt 
712 8 0 763 262 686 -1 -1 -1 0 Test12.txt 
713 8 0 762 256 683 -1 -1 -1 0 Test12.txt 
714 8 0 762 263 686 -1 -1 -1 0 Test12.txt 
715 8 3 763 252 677 -1 -1 -1 0 Test12.txt 
716 8 0 762 266 689 -1 -1 -1 0 Test12.txt 
717 8 0 759 274 698 -1 -1 -1 0 Test12.txt 
718 8 0 756 277 701 -1 -1 -1 0 Test12.txt 
719 8 0 756 289 697 -1 -1 -1 0 Test12.txt 
720 8 0 752 297 705 -1 -1 -1 0 Test12.txt 
